Copyright (C) 2003, 2009 Lavalys Consulting Group, Inc. All rights reserved.
everest_bench.dll build: 2.4.257.0 Jan 19 2009 01:57:35
CPUCount: 1, procMask: 0x00000001 Size of Memory: 245232KB Priority:080
CPU#00 Vendor: GenuineTMx86 CoreType:0x50000543
CPU#00 Family: 5 Model: 04 Stepping: 3 Type: "Transmeta(tm) Crusoe(tm) Processor TM5800"
CPU#00 Features: TSC, FPU, CMOV, MMX, CMPXCHG8B
CPU#00 Frequency:  997.95MHz  OS:5.1.2600 Szervizcsomag 2
CPU#00 AffMask:0x00000001 APIC_ID:0x00000000 Phys_ID:000 Core_ID:00 SMT_ID:00 PhysMask:0x00000001 
CPU#00 L1I cache:    64KB,   64 byte cache line,  8 way, SMask:00000001
CPU#00 L1D cache:    64KB,   32 byte cache line, 16 way, SMask:00000001
CPU#00 L2  cache:   512KB,  128 byte cache line,  4 way, SMask:00000001
CPU#00 AffMask:0x00000001 APIC_ID:0x00000000 Phys_ID:000 Core_ID:00 SMT_ID:00 PhysMask:0x00000001 
Parameters: "-ph -d4094 -l "
Memory Latency ProcMask:0x00000001 #NOP:0
*** Linear Read Latency ***
Stride,     4,   8,  16,  32,  64, 128, 256, 512,  1K,  2K,  4K,  8K, 16K,
   0.25K,  49,  12,  24,   5,  12,   5,
   0.50K,   2,   2,   5,   8,   3,   2,   6,
    1.0K,   5,   7,  -1,   3,   6,   3,   3,   5,
    2.0K,   2,   1,   2,   3,   4,   4,   4,   2,   4,
    4.0K,   3,   5,   2,   5,   6,   3,   3,   2,   2,   2,
    8.0K,   3,   4,   3,   2,   3,   2,   2,   3,   2,   2,   2,
   16.0K,   2,   2,   3,   2,   2,   2,   2,   2,   2,   2,   2,   2,
   32.0K,   3,   2,   2,   2,   2,   2,   2,   2,   2,   2,   2,   2,   2,
   64.0K,   3,   3,   3,   3,   2,   2,   2,   2,   2,   2,   2,   2,   2,
  128.0K,   3,   4,   6,  10,  10,  10,  10,  11,  11,  12,  11,   2,   2,
  256.0K,   4,   5,   7,  12,  12,  12,  12,  12,  13,  15,  15,  11,   2,
  512.0K,   5,   7,   9,  14,  13,  13,  13,  14,  14,  16,  17,  15,  11,
 1024.0K,   7,  12,  23,  43,  72, 132, 131, 131, 136, 123, 137,  82,  57,
 2048.0K,   8,  13,  25,  49,  84, 157, 158, 161, 167, 182, 211, 172,  77,
 4096.0K,   8,  13,  26,  50,  85, 159, 162, 167, 176, 188, 231, 197, 140,
 8192.0K,   8,  14,  26,  50,  86, 160, 163, 168, 181, 194, 237, 221, 182,
16384.0K,   8,  14,  26,  50,  86, 160, 163, 169, 184, 197, 240, 237, 197,
*** Backward Read Latency ***
Stride,     4,   8,  16,  32,  64, 128, 256, 512,  1K,  2K,  4K,  8K, 16K,
   0.25K,  48,   2,  26,   5,  13,   4,
   0.50K,   5,  12,   4,   9,  -1,   2,   9,
    1.0K,   7,   5,   5,   2,   7,   2,   2,   6,
    2.0K,   3,   4,   4,   3,   3,   3,   3,   3,   2,
    4.0K,   3,   3,   3,   2,   2,   1,   3,   2,   2,   4,
    8.0K,   3,   3,   2,   3,   2,   3,   3,   2,   2,   2,   3,
   16.0K,   3,   2,   2,   2,   2,   3,   3,   2,   2,   2,   2,   2,
   32.0K,   2,   2,   2,   3,   3,   2,   2,   2,   2,   2,   2,   2,   2,
   64.0K,   3,   3,   3,   3,   3,   2,   2,   2,   2,   2,   2,   2,   2,
  128.0K,   3,   4,   6,  10,  10,  11,  10,  11,  11,  12,  11,   2,   2,
  256.0K,   4,   5,   7,  12,  12,  12,  12,  12,  13,  14,  15,  11,   2,
  512.0K,   5,   7,   9,  14,  13,  14,  14,  14,  14,  16,  12,  15,  11,
 1024.0K,   7,  12,  23,  43,  72, 132, 128, 130, 135, 126, 151,  76,  57,
 2048.0K,   7,  13,  26,  49,  84, 156, 158, 163, 166, 180, 211, 172,  81,
 4096.0K,   8,  14,  26,  50,  85, 159, 161, 166, 179, 184, 235, 192, 167,
 8192.0K,   8,  14,  26,  50,  86, 160, 163, 168, 179, 190, 237, 234, 159,
16384.0K,   8,  14,  26,  50,  86, 160, 163, 168, 183, 195, 240, 235, 195,
*** BlockRandom Read Latency ***
Block,      8,  16,  32,  64, 128, 256, 512,  1K,  2K,  4K,  8K, 16K,
   0.50K,
    1.0K,   2,
    2.0K,   5,   5,
    4.0K,   4,   3,   2,
    8.0K,   3,   2,   3,   2,
   16.0K,   2,   2,   3,   2,   2,
   32.0K,   2,   2,   2,   2,   3,   2,
   64.0K,   2,   2,   2,   2,   2,   2,   2,
  128.0K,  11,  10,  10,  10,  10,  10,  10,  11,
  256.0K,  12,  12,  12,  12,  12,  12,  12,  12,  13,
  512.0K,  14,  13,  13,  14,  14,  14,  13,  13,  14,  14,
 1024.0K, 130, 130, 129, 132, 130, 130, 131, 132, 132, 131, 130,
 2048.0K, 156, 157, 156, 157, 157, 157, 156, 157, 156, 156, 156, 208,
 4096.0K, 160, 159, 160, 161, 161, 161, 161, 159, 158, 158, 161, 213,
 8192.0K, 160, 160, 160, 161, 161, 162, 161, 160, 160, 160, 161, 213,
16384.0K, 160, 161, 160, 161, 162, 162, 162, 161, 160, 160, 161, 214,
*** Random Read Latency ***
Stride,     4,   8,  16,  32,  64, 128, 256, 512,  1K,  2K,  4K,  8K, 16K,
   0.25K,  48,  12,  20,  14,   3,   4,
   0.50K,  16,  14,  11,  10,   3,   2,   3,
    1.0K,   5,   7,   5,   6,   7,   2,   2,   1,
    2.0K,   4,   4,   3,   1,   2,   4,   3,   3,   2,
    4.0K,   6,   6,   3,   3,   3,   3,   3,   3,   2,   2,
    8.0K,   2,   3,   3,   3,   3,   3,   2,   2,   2,   2,   2,
   16.0K,   2,   2,   3,   2,   2,   3,   2,   2,   2,   2,   2,   2,
   32.0K,   2,   2,   3,   2,   2,   2,   2,   2,   2,   2,   2,   2,   2,
   64.0K,   3,   3,   3,   3,   3,   2,   2,   2,   2,   2,   2,   2,   2,
  128.0K,   8,   8,   9,  10,  10,  11,  11,  11,  11,  12,  11,   2,   2,
  256.0K,  10,  11,  11,  12,  12,  12,  13,  12,  13,  15,  15,  11,   2,
  512.0K,  12,  13,  13,  14,  13,  13,  14,  14,  14,  16,  17,  15,  11,
 1024.0K,  85,  86,  89,  95, 105, 130, 130, 130, 132, 135, 130,  71,  65,
 2048.0K, 181, 181, 183, 187, 187, 208, 205, 204, 204, 209, 156, 173,  74,
 4096.0K, 218, 219, 219, 215, 218, 224, 219, 219, 225, 234, 229, 197, 158,
 8192.0K, 244, 245, 243, 240, 232, 240, 234, 229, 231, 239, 240, 231, 196,
16384.0K, 249, 251, 249, 250, 242, 245, 243, 241, 241, 242, 246, 243, 197,
*** CacheLine Forward Read Latency ***
Distance,   8,  16,  24,  32,  48,  64,  96, 128, 160, 192, 224, 256, 288,
    8.0K,   2,   4,   4,   4,   5,   3,   3,   5,   3,   4,   5,
   16.0K,   3,   2,   2,   1,   5,   3,   4,   3,   3,   5,   2,   2,
   32.0K,   3,   2,   5,   3,   3,   4,   2,   3,   4,   2,   2,   5,   3,
   64.0K,   3,   3,   2,   2,   3,   2,   4,   3,   2,   3,   2,   3,   2,
  128.0K,   7,   7,   6,   9,  11,  11,  11,  11,  11,  11,  11,  11,  11,
  256.0K,   8,   7,   7,  12,  13,  12,  12,  12,  13,  12,  12,  13,  12,
  512.0K,   8,   8,   8,  13,  13,  13,  13,  13,  13,  14,  14,  14,  14,
 1024.0K,  52,  52,  49,  65,  64,  63,  64, 116, 115, 114, 116, 116, 116,
 2048.0K,  61,  61,  60,  75,  75,  75,  75, 136, 137, 138, 138, 137, 137,
 4096.0K,  62,  63,  62,  76,  76,  76,  76, 138, 139, 138, 140, 137, 139,
 8192.0K,  63,  63,  63,  77,  77,  77,  77, 139, 140, 139, 141, 139, 140,
16384.0K,  63,  63,  63,  77,  76,  77,  77, 139, 140, 139, 141, 138, 140,
*** CacheLine Backward Read Latency ***
Distance,   8,  16,  24,  32,  48,  64,  96, 128, 160, 192, 224, 256, 288,
    8.0K,   5,   5,   2,   4,   5,   5,   3,   6,   5,   4,   5,
   16.0K,   3,   2,   3,   3,   6,   2,   3,   3,   2,   4,   3,   0,
   32.0K,   3,   3,   5,   3,  -1,   2,   3,   2,   3,   0,   3,   4,   1,
   64.0K,   3,   3,   3,   3,   3,   3,   4,   3,   3,   3,   2,   3,   4,
  128.0K,   6,   6,   6,  11,  11,  11,  11,  11,  10,  11,  11,  11,  11,
  256.0K,   7,   8,   8,  12,  12,  12,  12,  13,  12,  12,  12,  12,  13,
  512.0K,   8,   8,   8,  13,  13,  13,  13,  14,  13,  14,  14,  14,  14,
 1024.0K,  52,  51,  52,  65,  64,  62,  63, 115, 116, 114, 114, 116, 115,
 2048.0K,  59,  61,  62,  75,  75,  76,  75, 136, 137, 135, 139, 136, 137,
 4096.0K,  62,  62,  62,  77,  78,  77,  76, 138, 139, 138, 140, 139, 139,
 8192.0K,  63,  62,  62,  77,  77,  77,  77, 138, 140, 138, 141, 139, 141,
16384.0K,  63,  63,  63,  77,  76,  77,  77, 139, 140, 139, 140, 139, 140,
BenchMemLat exit code: 0x0100
L1D cacheline size: 32 bytes      [Mode:6 Size:   128K, Stride:   512, #NOP:  0, UnRoll:64]
L2  cacheline size:128 bytes      [Mode:6 Size:  1024K, Stride:   512, #NOP:  0, UnRoll:64]
Mem latency: 126.203ns( 126 clks) [Mode:1 Size: 16384K, Stride:  1024, #NOP: 37, UnRoll:64]
L1D latency:   2.981ns(   3 clks) [Mode:1 Size:    64K, Stride:    32, #NOP:  0, UnRoll:64]
L2  latency:  19.906ns(  20 clks) [Mode:1 Size:   512K, Stride:   128, #NOP:  1, UnRoll:64]
Running time:    454 seconds.
