Copyright (C) 2003, 2009 Lavalys Consulting Group, Inc. All rights reserved.
everest_bench.dll build: 2.4.257.0 Jan 19 2009 01:57:35
CPUCount: 1, procMask: 0x00000001 Size of Memory: 261684KB Priority:080
CPU#00 Vendor: AuthenticAMD CoreType:0x10000580
CPU#00 Family: 5 Modell: 08 Stepping: 0 Type: "AMD-K6(tm) 3D processor"
CPU#00 Features: TSC, FPU, MMX, 3DNow!, CMPXCHG8B
CPU#00 Frequency:  333.98MHz  OS:5.0.2195 Service Pack 4
CPU#00 AffMask:0x00000001 APIC_ID:0x00000000 Phys_ID:000 Core_ID:00 SMT_ID:00 PhysMask:0x00000001 
CPU#00 L1I cache:    32KB,   32 byte cache line,  2 way, SMask:00000001
CPU#00 L1D cache:    32KB,   32 byte cache line,  2 way, SMask:00000001
CPU#00 AffMask:0x00000001 APIC_ID:0x00000000 Phys_ID:000 Core_ID:00 SMT_ID:00 PhysMask:0x00000001 
Parameters: "-ph -d4094 -l "
Memory Latency ProcMask:0x00000001 #NOP:0
*** Linear Read Latency ***
Stride,     4,   8,  16,  32,  64, 128, 256, 512,  1K,  2K,  4K,  8K, 16K,
   0.25K,   2,   2,   2,   2,   2,   2,
   0.50K,   2,   2,   2,   2,   2,   2,   2,
    1.0K,   2,   2,   2,   2,   2,   2,   2,   2,
    2.0K,   2,   2,   2,   2,   2,   2,   2,   2,   2,
    4.0K,   2,   2,   2,   2,   2,   2,   2,   2,   2,   2,
    8.0K,   2,   2,   2,   2,   2,   2,   2,   2,   2,   2,   2,
   16.0K,   2,   2,   2,   2,   2,   2,   2,   2,   2,   2,   2,   2,
   32.0K,   2,   2,   2,   2,   3,   2,   2,   2,   2,   2,   2,   2,   2,
   64.0K,   8,  13,  22,  42,  46,  46,  55,  58,  44,  52,  45,  43,  50,
  128.0K,   7,  14,  26,  55,  53,  52,  47,  45,  55,  53,  48,  48,  60,
  256.0K,   7,  16,  29,  56,  56,  60,  57,  60,  58,  63,  57,  64,  63,
  512.0K,   9,  17,  33,  65,  65,  59,  61,  61,  61,  58,  63,  55,  54,
 1024.0K,   9,  18,  33,  66,  65,  67,  70,  71,  80,  76, 117, 125,  83,
 2048.0K,   9,  18,  35,  69,  69,  70,  72,  76,  79,  86, 130, 100,  92,
 4096.0K,  10,  19,  35,  71,  71,  71,  72,  78,  86, 101,  90, 121,  93,
 8192.0K,  10,  19,  36,  72,  72,  73,  73,  76,  86,  91, 132, 111, 106,
16384.0K,  10,  19,  36,  72,  72,  72,  74,  78,  81, 101, 110, 132,  91,
*** Backward Read Latency ***
Stride,     4,   8,  16,  32,  64, 128, 256, 512,  1K,  2K,  4K,  8K, 16K,
   0.25K,   2,   2,   2,   2,   2,   2,
   0.50K,   2,   2,   2,   2,   2,   2,   2,
    1.0K,   2,   2,   2,   2,   2,   2,   2,   2,
    2.0K,   2,   2,   2,   2,   2,   2,   2,   2,   2,
    4.0K,   2,   2,   2,   2,   2,   2,   2,   2,   2,   2,
    8.0K,   2,   2,   2,   2,   2,   2,   2,   2,   2,   2,   2,
   16.0K,   2,   2,   2,   2,   2,   2,   2,   2,   2,   2,   2,   2,
   32.0K,   2,   2,   2,   3,   3,   2,   2,   2,   2,   2,   2,   2,   2,
   64.0K,   8,  15,  28,  49,  48,  46,  51,  57,  59,  54,  52,  56,  59,
  128.0K,   8,  15,  26,  55,  51,  54,  59,  51,  53,  54,  55,  50,  60,
  256.0K,   8,  16,  28,  53,  58,  53,  59,  57,  54,  54,  59,  60,  61,
  512.0K,   8,  16,  31,  63,  63,  64,  60,  59,  60,  62,  60,  56,  54,
 1024.0K,   9,  17,  33,  65,  65,  67,  69,  69,  72,  75,  94,  91,  77,
 2048.0K,   9,  18,  34,  69,  70,  70,  71,  73,  84,  86,  88, 101, 118,
 4096.0K,   9,  19,  35,  71,  71,  72,  72,  74,  77,  97, 131, 121, 125,
 8192.0K,  10,  19,  36,  71,  72,  73,  73,  78,  85,  93, 108, 127, 113,
16384.0K,  10,  19,  36,  72,  72,  73,  74,  79,  82,  91, 112, 122, 120,
*** BlockRandom Read Latency ***
Block,      8,  16,  32,  64, 128, 256, 512,  1K,  2K,  4K,  8K, 16K,
   0.25K,   2,
   0.50K,   2,   2,
    1.0K,   2,   2,   2,
    2.0K,   2,   2,   2,   2,
    4.0K,   2,   2,   2,   2,   2,
    8.0K,   2,   2,   2,   2,   2,   2,
   16.0K,   2,   2,   2,   2,   2,   2,   2,
   32.0K,   3,   3,   3,   2,   2,   3,   2,   2,
   64.0K,  55,  62,  57,  48,  55,  64,  62,  66,  60,
  128.0K,  57,  48,  60,  59,  59,  61,  65,  53,  57,  59,
  256.0K,  59,  57,  57,  55,  54,  53,  50,  55,  58,  55,  55,
  512.0K,  60,  62,  59,  59,  60,  60,  61,  57,  60,  58,  60,  61,
 1024.0K,  65,  65,  64,  66,  65,  65,  64,  66,  63,  65,  65,  64,
 2048.0K,  68,  69,  69,  68,  69,  68,  69,  68,  69,  68,  69,  68,
 4096.0K,  71,  71,  71,  71,  71,  71,  71,  71,  71,  71,  71,  71,
 8192.0K,  72,  72,  72,  72,  71,  71,  71,  72,  71,  72,  72,  71,
16384.0K,  72,  71,  72,  72,  72,  72,  72,  71,  71,  72,  72,  72,
*** Random Read Latency ***
Stride,     4,   8,  16,  32,  64, 128, 256, 512,  1K,  2K,  4K,  8K, 16K,
   0.25K,   2,   2,   2,   2,   2,   2,
   0.50K,   2,   2,   2,   2,   2,   2,   2,
    1.0K,   2,   2,   2,   2,   2,   2,   2,   2,
    2.0K,   2,   2,   2,   2,   2,   2,   2,   2,   2,
    4.0K,   2,   2,   2,   2,   2,   2,   2,   2,   2,   2,
    8.0K,   2,   2,   2,   2,   2,   2,   2,   2,   2,   2,   2,
   16.0K,   2,   2,   2,   2,   2,   2,   2,   2,   2,   2,   2,   2,
   32.0K,   2,   2,   3,   2,   2,   2,   2,   2,   2,   2,   2,   2,   2,
   64.0K,  35,  40,  46,  60,  62,  57,  59,  55,  61,  56,  54,  60,  59,
  128.0K,  50,  52,  50,  60,  60,  54,  60,  52,  59,  57,  55,  59,  43,
  256.0K,  53,  55,  53,  55,  57,  55,  50,  55,  55,  57,  55,  50,  52,
  512.0K,  58,  54,  58,  59,  63,  59,  60,  62,  59,  60,  59,  56,  59,
 1024.0K,  76,  77,  92,  95,  94,  93,  98,  96,  97,  98,  93, 110,  78,
 2048.0K, 110,  79, 100, 103,  95, 103, 102,  96, 117, 106, 113, 108, 121,
 4096.0K,  85,  85,  93, 124, 124, 124, 124,  88,  89,  96,  98, 128, 115,
 8192.0K, 114,  95, 102, 116, 116, 112, 113, 116, 119,  94, 127, 137, 132,
16384.0K, 122, 122, 151, 131, 131, 123, 131, 111, 131, 150, 134, 157, 112,
*** CacheLine Forward Read Latency ***
Distance,   8,  16,  24,  32,  48,  64,  96, 128, 160, 192, 224, 256, 288,
    8.0K,   2,   2,   2,   2,   2,   2,   2,   2,   2,   2,   2,
   16.0K,   2,   2,   2,   2,   2,   2,   2,   2,   2,   2,   2,   2,
   32.0K,   2,   2,   2,   2,   2,   2,   2,   2,   2,   2,   2,   2,   2,
   64.0K,  23,  22,  27,  42,  46,  46,  42,  44,  44,  41,  48,  46,  44,
  128.0K,  20,  24,  26,  50,  43,  52,  42,  46,  49,  46,  45,  43,  38,
  256.0K,  24,  22,  25,  41,  46,  43,  47,  45,  49,  43,  44,  43,  45,
  512.0K,  25,  25,  26,  50,  50,  49,  48,  52,  48,  51,  50,  50,  48,
 1024.0K,  30,  29,  28,  56,  56,  56,  58,  57,  54,  56,  53,  53,  57,
 2048.0K,  33,  30,  32,  62,  59,  60,  60,  59,  60,  61,  61,  60,  61,
 4096.0K,  32,  34,  34,  63,  62,  63,  63,  63,  63,  63,  63,  61,  63,
 8192.0K,  34,  33,  34,  64,  63,  63,  62,  64,  63,  63,  64,  63,  63,
16384.0K,  33,  33,  34,  62,  63,  63,  63,  64,  63,  64,  63,  63,  63,
*** CacheLine Backward Read Latency ***
Distance,   8,  16,  24,  32,  48,  64,  96, 128, 160, 192, 224, 256, 288,
    8.0K,   2,   2,   2,   2,   2,   2,   2,   2,   2,   2,   2,
   16.0K,   2,   2,   2,   2,   2,   2,   2,   2,   2,   2,   2,   2,
   32.0K,   2,   2,   2,   2,   2,   2,   2,   2,   2,   2,   2,   2,   2,
   64.0K,  23,  22,  24,  44,  48,  53,  46,  37,  48,  41,  46,  48,  41,
  128.0K,  22,  22,  25,  46,  50,  45,  46,  50,  44,  47,  46,  45,  44,
  256.0K,  24,  24,  24,  43,  44,  51,  44,  43,  46,  47,  46,  45,  44,
  512.0K,  23,  24,  26,  48,  48,  51,  48,  48,  49,  50,  48,  47,  48,
 1024.0K,  31,  30,  31,  57,  58,  56,  56,  57,  55,  55,  58,  57,  55,
 2048.0K,  33,  33,  33,  58,  60,  60,  60,  58,  61,  59,  60,  60,  59,
 4096.0K,  34,  32,  32,  61,  61,  63,  61,  61,  61,  61,  63,  63,  61,
 8192.0K,  33,  33,  32,  63,  64,  62,  63,  63,  63,  64,  64,  63,  63,
16384.0K,  34,  33,  34,  63,  62,  63,  63,  64,  62,  62,  64,  63,  63,
BenchMemLat exit code: 0x0100
L1D cacheline size: 32 bytes      [Mode:6 Size:    64K, Stride:   512, #NOP:  0, UnRoll:64]
Mem latency: 208.892ns(  70 clks) [Mode:1 Size: 16384K, Stride:  1024, #NOP:103, UnRoll:32]
L1D latency:   7.641ns(   3 clks) [Mode:1 Size:    32K, Stride:    32, #NOP:  0, UnRoll:64]
Running time:    662 seconds.
