Copyright (C) 2003, 2009 Lavalys Consulting Group, Inc. All rights reserved.
everest_bench.dll build: 2.4.273.0 Oct 21 2009 23:53:40
CPUCount: 1, procMask: 0x00000001 Size of Memory: 523764KB Priority:020
CPU#00 Vendor: AuthenticAMD CoreType:0x10000511
CPU#00 Family: 5 Modell: 01 Stepping: 1 Type: "AMD-K5(tm) Processor"
CPU#00 Features: TSC, FPU, CMPXCHG8B
CPU#00 Frequency:  100.21MHz  OS:5.1.2600 Szervizcsomag 2
CPU#00 AffMask:0x00000001 APIC_ID:0x00000000 Phys_ID:000 Core_ID:00 SMT_ID:00 PhysMask:0x00000001 
CPU#00 L1I cache:    16KB,   32 byte cache line,  4 way, SMask:00000001
CPU#00 L1D cache:     8KB,   32 byte cache line,  4 way, SMask:00000001
Memory Latency ProcMask:0x00000001 #NOP:0
*** Linear Read Latency ***
Stride,     4,   8,  16,  32,  64, 128, 256, 512,  1K,  2K,  4K,  8K,
   0.25K,   1,   1,   1,   1,   1,   1,
   0.50K,   1,   1,   1,   1,   1,   1,   1,
    1.0K,   1,   1,   1,   1,   1,   1,   1,   1,
    2.0K,   1,   1,   1,   1,   1,   1,   1,   1,   1,
    4.0K,   1,   1,   1,   1,   1,   1,   1,   1,   1,   1,
    8.0K,   2,   1,   1,   1,   1,   1,   1,   1,   1,   1,   1,
   16.0K,   2,   3,   6,   9,   8,   9,  12,  12,   9,  11,   1,   3,
   32.0K,   2,   4,   7,  10,  10,  11,  11,  12,  10,  12,  11,   2,
   64.0K,   2,   4,   7,  11,  11,  11,  12,  12,  11,  12,  12,  11,
  128.0K,   3,   4,   7,  12,  12,  11,  12,  12,  12,  12,  12,  12,
  256.0K,   3,   4,   7,  12,  12,  12,  12,  12,  12,  12,  12,  12,
  512.0K,   3,   4,   8,  12,  12,  12,  12,  12,  14,  12,  13,  12,
 1024.0K,   3,   4,   8,  13,  13,  13,  13,  14,  15,  19,  21,  22,
 2048.0K,   3,   6,  10,  18,  17,  17,  19,  19,  19,  22,  25,  22,
 4096.0K,   4,   7,  14,  26,  26,  26,  26,  27,  28,  29,  35,  29,
 8192.0K,   4,   8,  15,  28,  28,  28,  28,  29,  30,  32,  38,  36,
16384.0K,   4,   8,  15,  28,  28,  28,  28,  29,  30,  32,  38,  38,
*** Backward Read Latency ***
Stride,     4,   8,  16,  32,  64, 128, 256, 512,  1K,  2K,  4K,  8K,
   0.25K,   1,   1,   1,   1,   1,   1,
   0.50K,   1,   1,   1,   1,   1,   1,   1,
    1.0K,   1,   1,   1,   1,   1,   1,   1,   1,
    2.0K,   1,   1,   1,   1,   1,   1,   1,   1,   1,
    4.0K,   1,   1,   1,   1,   1,   1,   1,   1,   1,   1,
    8.0K,   1,   2,   1,   1,   1,   1,   1,   6,   1,   1,   1,
   16.0K,   2,   3,   6,   8,   8,   8,   8,  12,  12,  11,   1,   3,
   32.0K,   3,   4,   7,  12,  10,  10,  12,  12,  12,  12,  13,   2,
   64.0K,   3,   4,   7,  11,  11,  11,  11,  12,  12,  12,  12,  11,
  128.0K,   3,   4,   7,  12,  12,  11,  11,  12,  12,  12,  12,  12,
  256.0K,   3,   4,   7,  12,  12,  12,  12,  12,  12,  12,  12,  12,
  512.0K,   3,   4,   8,  12,  12,  12,  12,  12,  12,  13,  13,  13,
 1024.0K,   3,   5,   9,  14,  14,  14,  14,  15,  17,  19,  22,  21,
 2048.0K,   4,   6,  11,  21,  21,  21,  20,  21,  22,  24,  28,  25,
 4096.0K,   4,   7,  14,  27,  27,  27,  27,  27,  28,  30,  35,  28,
 8192.0K,   4,   8,  15,  28,  28,  28,  28,  29,  30,  32,  38,  36,
16384.0K,   4,   8,  15,  28,  28,  28,  28,  29,  30,  32,  38,  38,
*** BlockRandom Read Latency ***
Block,      8,  16,  32,  64, 128, 256, 512,  1K,  2K,  4K,  8K,
   0.25K,   1,
   0.50K,   1,   1,
    1.0K,   1,   1,   1,
    2.0K,   1,   1,   1,   1,
    4.0K,   1,   1,   1,   1,   1,
    8.0K,   1,   1,   1,   1,   1,   1,
   16.0K,  10,  10,  10,  10,  10,  10,  10,
   32.0K,  12,  12,  12,  12,  12,  12,  12,  12,
   64.0K,  12,  12,  12,  12,  12,  12,  12,  12,  12,
  128.0K,  12,  12,  12,  12,  12,  12,  12,  12,  12,  12,
  256.0K,  12,  12,  12,  12,  12,  12,  12,  12,  12,  12,  12,
  512.0K,  14,  12,  12,  13,  12,  13,  13,  14,  13,  12,  13,
 1024.0K,  14,  14,  14,  14,  14,  14,  14,  14,  14,  13,  14,
 2048.0K,  17,  17,  17,  17,  17,  18,  18,  17,  17,  18,  19,
 4096.0K,  26,  26,  26,  26,  26,  26,  26,  26,  26,  26,  26,
 8192.0K,  28,  28,  28,  28,  28,  28,  28,  28,  28,  28,  28,
16384.0K,  28,  28,  28,  28,  28,  28,  28,  28,  28,  28,  28,
*** Random Read Latency ***
Stride,     4,   8,  16,  32,  64, 128, 256, 512,  1K,  2K,  4K,  8K,
   0.25K,   1,   1,   1,   1,   1,   1,
   0.50K,   1,   1,   1,   1,   1,   1,   1,
    1.0K,   1,   1,   1,   1,   1,   1,   1,   1,
    2.0K,   1,   1,   1,   1,   1,   1,   1,   1,   1,
    4.0K,   1,   1,   1,   1,   1,   1,   1,   1,   1,   1,
    8.0K,   1,   1,   1,   1,   1,   1,   1,   1,   1,   1,   1,
   16.0K,   7,   7,   8,  10,  10,  10,  10,  10,   9,  11,   1,   3,
   32.0K,   9,  10,  10,  12,  12,  12,  12,  12,  12,  12,  11,   2,
   64.0K,  11,  11,  11,  12,  12,  12,  12,  12,  12,  12,  12,  11,
  128.0K,  11,  12,  12,  12,  12,  12,  12,  12,  12,  12,  12,  12,
  256.0K,  12,  12,  12,  12,  12,  12,  12,  12,  12,  12,  12,  12,
  512.0K,  12,  12,  12,  13,  13,  13,  13,  12,  13,  13,  13,  12,
 1024.0K,  20,  19,  20,  21,  20,  20,  20,  21,  21,  22,  24,  22,
 2048.0K,  25,  25,  25,  28,  28,  28,  27,  27,  28,  28,  29,  26,
 4096.0K,  30,  31,  32,  35,  35,  35,  35,  35,  35,  35,  36,  30,
 8192.0K,  36,  36,  37,  39,  38,  38,  38,  38,  39,  39,  39,  37,
16384.0K,  41,  41,  48,  42,  42,  42,  42,  42,  42,  42,  42,  43,
*** CacheLine Forward Read Latency ***
Distance,   8,  16,  24,  32,  48,  64,  96, 128, 160, 192, 224, 256,
    8.0K,   1,   1,   1,   1,   1,   1,   1,   1,   1,   1,   1,
   16.0K,   3,   5,   5,   9,   6,   7,   9,   6,   9,   6,   9,   6,
   32.0K,   5,   5,   5,   8,   8,   9,   9,   9,   9,   8,   9,   9,
   64.0K,   5,   5,   5,   9,   9,   9,   9,   9,   9,   9,   9,   9,
  128.0K,   5,   5,   5,   9,   9,   9,   9,   9,   9,   9,   9,   9,
  256.0K,   5,   5,   5,   9,   9,   9,  10,   9,   9,   9,   9,   9,
  512.0K,   6,   5,   5,  10,  11,  10,  10,  11,  11,  11,  11,  11,
 1024.0K,   7,   7,   7,  12,  12,  13,  13,  13,  13,  13,  12,  13,
 2048.0K,   9,   9,   9,  16,  17,  16,  17,  16,  17,  17,  17,  18,
 4096.0K,  12,  12,  12,  22,  22,  23,  23,  23,  22,  23,  23,  23,
 8192.0K,  13,  13,  13,  24,  24,  24,  24,  24,  24,  24,  24,  24,
16384.0K,  13,  13,  13,  24,  24,  24,  24,  24,  24,  24,  24,  24,
*** CacheLine Backward Read Latency ***
Distance,   8,  16,  24,  32,  48,  64,  96, 128, 160, 192, 224, 256,
    8.0K,   1,   4,   1,   1,   1,   1,   1,   1,   1,   1,   1,
   16.0K,   5,   5,   5,   9,   7,   6,   9,   6,   9,   9,   9,   6,
   32.0K,   5,   5,   5,   9,   8,   8,   9,   9,   9,   9,   9,   8,
   64.0K,   5,   5,   5,   9,  10,   9,   9,   9,  10,   9,   9,   9,
  128.0K,   5,   5,   5,  10,   9,   9,   9,   9,   9,  10,   9,  10,
  256.0K,   5,   5,   5,  10,   9,  10,  10,  10,  10,  10,  10,   9,
  512.0K,   5,   6,   6,  10,  11,  10,  10,  11,  11,  10,  11,  12,
 1024.0K,   7,   7,   8,  13,  13,  13,  13,  14,  14,  14,  13,  13,
 2048.0K,   9,  10,   9,  18,  18,  17,  17,  17,  17,  18,  17,  18,
 4096.0K,  12,  12,  12,  22,  23,  23,  22,  22,  23,  22,  23,  23,
 8192.0K,  13,  13,  13,  24,  25,  24,  24,  24,  24,  24,  24,  24,
16384.0K,  13,  13,  13,  24,  24,  24,  25,  24,  24,  24,  24,  24,
BenchMemLat exit code: 0x0100
L1D cacheline size:128 bytes      [Mode:6 Size:    16K, Stride:   512, #NOP:  0, UnRoll:16]
Mem latency: 297.932ns(  30 clks) [Mode:1 Size: 16384K, Stride:  1024, #NOP:  2, UnRoll:8]
L1D latency:   9.813ns(   1 clks) [Mode:1 Size:     8K, Stride:    32, #NOP:  0, UnRoll:64]
Running time:   1007 seconds.
