Copyright (C) 2003, 2009 Lavalys Consulting Group, Inc. All rights reserved.
everest_bench.dll build: 2.4.273.0 Oct 21 2009 23:53:40
CPUCount: 1, procMask: 0x00000001 Size of Memory: 523764KB Priority:020
CPU#00 Vendor: AuthenticAMD CoreType:0x10000562
CPU#00 Family: 5 Modell: 06 Stepping: 2 Type: "AMD-K6tm w/ multimedia extensions"
CPU#00 Features: TSC, FPU, MMX, CMPXCHG8B
CPU#00 Frequency:  233.82MHz  OS:5.1.2600 Szervizcsomag 2
CPU#00 AffMask:0x00000001 APIC_ID:0x00000000 Phys_ID:000 Core_ID:00 SMT_ID:00 PhysMask:0x00000001 
CPU#00 L1I cache:    32KB,   32 byte cache line,  2 way, SMask:00000001
CPU#00 L1D cache:    32KB,   32 byte cache line,  2 way, SMask:00000001
Memory Latency ProcMask:0x00000001 #NOP:0
*** Linear Read Latency ***
Stride,     4,   8,  16,  32,  64, 128, 256, 512,  1K,  2K,  4K,  8K, 16K,
   0.25K,   2,   2,   2,   2,   2,   2,
   0.50K,   2,   2,   2,   2,   2,   2,   2,
    1.0K,   2,   2,   2,   2,   2,   2,   2,   2,
    2.0K,   2,   2,   2,   2,   2,   2,   2,   2,   2,
    4.0K,   2,   2,   2,   2,   2,   2,   2,   2,   2,   2,
    8.0K,   2,   2,   2,   2,   2,   2,   2,   2,   2,   2,   2,
   16.0K,   2,   2,   2,   2,   2,   2,   2,   2,   2,   2,   2,   2,
   32.0K,   2,   2,   2,   2,   2,   2,   2,   2,   2,   2,   2,   2,   2,
   64.0K,   4,   7,  14,  28,  28,  28,  28,  28,  28,  28,  27,  26,  25,
  128.0K,   4,   7,  14,  28,  28,  28,  28,  28,  28,  28,  28,  27,  27,
  256.0K,   4,   7,  14,  28,  28,  28,  28,  28,  28,  28,  28,  28,  27,
  512.0K,   4,   7,  14,  28,  29,  28,  28,  28,  28,  29,  28,  28,  28,
 1024.0K,   5,   8,  16,  32,  33,  33,  33,  33,  35,  39,  48,  45,  45,
 2048.0K,   5,   8,  16,  35,  38,  40,  41,  44,  46,  52,  61,  50,  48,
 4096.0K,   8,  14,  29,  57,  57,  57,  57,  58,  61,  65,  73,  60,  48,
 8192.0K,   9,  15,  31,  61,  62,  62,  62,  65,  65,  70,  78,  74,  54,
16384.0K,   9,  15,  31,  61,  62,  62,  62,  63,  65,  70,  79,  78,  73,
*** Backward Read Latency ***
Stride,     4,   8,  16,  32,  64, 128, 256, 512,  1K,  2K,  4K,  8K, 16K,
   0.25K,   2,   2,   2,   2,   2,   2,
   0.50K,   2,   2,   2,   2,   2,   2,   2,
    1.0K,   2,   2,   2,   2,   2,   2,   2,   2,
    2.0K,   2,   2,   2,   2,   2,   2,   2,   2,   2,
    4.0K,   2,   2,   2,   2,   2,   2,   2,   2,   2,   2,
    8.0K,   2,   2,   2,   2,   2,   2,   2,   2,   2,   2,   2,
   16.0K,   2,   2,   2,   2,   2,   2,   2,   2,   2,   2,   2,   2,
   32.0K,   2,   2,   2,   2,   2,   2,   2,   2,   2,   2,   2,   2,   2,
   64.0K,   4,   7,  14,  28,  28,  28,  28,  28,  28,  28,  27,  26,  25,
  128.0K,   4,   7,  14,  28,  28,  28,  28,  28,  28,  30,  28,  27,  27,
  256.0K,   4,   7,  14,  29,  28,  28,  28,  28,  28,  28,  28,  28,  27,
  512.0K,   5,   8,  15,  30,  31,  30,  30,  29,  31,  32,  29,  28,  28,
 1024.0K,   5,   9,  17,  36,  33,  34,  36,  38,  38,  43,  52,  47,  45,
 2048.0K,   6,  11,  21,  38,  36,  35,  34,  33,  35,  39,  48,  46,  46,
 4096.0K,   8,  14,  29,  58,  58,  59,  59,  59,  61,  65,  73,  60,  52,
 8192.0K,   9,  15,  31,  61,  62,  62,  62,  63,  65,  69,  77,  73,  60,
16384.0K,   9,  15,  31,  62,  62,  62,  62,  63,  65,  70,  79,  78,  75,
*** BlockRandom Read Latency ***
Block,      8,  16,  32,  64, 128, 256, 512,  1K,  2K,  4K,  8K, 16K,
   0.25K,   2,
   0.50K,   2,   2,
    1.0K,   2,   2,   2,
    2.0K,   2,   2,   2,   2,
    4.0K,   2,   2,   2,   2,   2,
    8.0K,   2,   2,   2,   2,   2,   2,
   16.0K,   2,   2,   2,   2,   2,   2,   2,
   32.0K,   2,   2,   2,   2,   2,   2,   2,   2,
   64.0K,  28,  28,  28,  28,  28,  28,  28,  28,  28,
  128.0K,  28,  28,  28,  28,  28,  28,  28,  28,  28,  28,
  256.0K,  28,  28,  28,  28,  28,  28,  28,  28,  28,  28,  28,
  512.0K,  29,  29,  29,  29,  30,  31,  28,  29,  29,  29,  30,  29,
 1024.0K,  34,  32,  33,  33,  33,  32,  32,  34,  33,  34,  33,  34,
 2048.0K,  44,  43,  42,  42,  43,  43,  43,  42,  42,  42,  41,  41,
 4096.0K,  58,  57,  57,  58,  57,  57,  58,  57,  58,  57,  57,  57,
 8192.0K,  61,  61,  61,  61,  61,  61,  61,  61,  61,  61,  61,  61,
16384.0K,  62,  62,  61,  62,  62,  62,  62,  61,  62,  62,  62,  62,
*** Random Read Latency ***
Stride,     4,   8,  16,  32,  64, 128, 256, 512,  1K,  2K,  4K,  8K, 16K,
   0.25K,   2,   2,   2,   2,   2,   2,
   0.50K,   2,   2,   2,   2,   2,   2,   2,
    1.0K,   2,   2,   2,   2,   2,   2,   2,   2,
    2.0K,   2,   2,   2,   2,   2,   2,   2,   2,   2,
    4.0K,   2,   2,   2,   2,   2,   2,   2,   2,   2,   2,
    8.0K,   2,   2,   2,   2,   2,   2,   2,   2,   2,   2,   2,
   16.0K,   2,   2,   2,   2,   2,   2,   2,   2,   2,   2,   2,   2,
   32.0K,   2,   2,   2,   2,   2,   2,   2,   2,   2,   2,   2,   2,   2,
   64.0K,  21,  20,  22,  28,  28,  28,  28,  28,  28,  28,  27,  26,  25,
  128.0K,  26,  25,  26,  28,  28,  28,  28,  29,  28,  28,  28,  27,  27,
  256.0K,  27,  27,  28,  28,  29,  28,  28,  28,  28,  28,  28,  28,  27,
  512.0K,  29,  28,  28,  30,  29,  30,  29,  29,  28,  31,  30,  28,  28,
 1024.0K,  40,  40,  42,  43,  44,  42,  42,  42,  43,  43,  50,  47,  46,
 2048.0K,  49,  50,  52,  57,  57,  57,  56,  58,  58,  57,  62,  52,  47,
 4096.0K,  63,  63,  65,  72,  72,  72,  72,  72,  73,  73,  74,  56,  50,
 8192.0K,  73,  74,  76,  80,  80,  80,  80,  80,  80,  80,  81,  76,  63,
16384.0K,  84,  85,  86,  88,  88,  88,  88,  88,  88,  87,  88,  87,  82,
*** CacheLine Forward Read Latency ***
Distance,   8,  16,  24,  32,  48,  64,  96, 128, 160, 192, 224, 256, 288,
    8.0K,   2,   2,   2,   2,   2,   2,   2,   2,   2,   2,   2,
   16.0K,   2,   2,   2,   2,   2,   2,   2,   2,   2,   2,   2,   2,
   32.0K,   2,   2,   2,   2,   2,   2,   2,   2,   2,   2,   2,   2,   2,
   64.0K,  10,  10,  10,  19,  19,  19,  19,  19,  19,  19,  19,  19,  19,
  128.0K,  10,  10,  10,  19,  20,  19,  19,  19,  19,  19,  19,  20,  19,
  256.0K,  10,  10,  10,  19,  19,  19,  19,  19,  19,  19,  19,  19,  19,
  512.0K,  12,  12,  11,  19,  23,  20,  21,  20,  21,  21,  21,  20,  22,
 1024.0K,  15,  15,  15,  29,  27,  26,  27,  27,  26,  26,  25,  27,  25,
 2048.0K,  19,  19,  18,  36,  35,  35,  33,  32,  33,  33,  32,  32,  30,
 4096.0K,  26,  26,  26,  46,  46,  46,  46,  46,  46,  46,  46,  46,  46,
 8192.0K,  28,  28,  28,  50,  50,  50,  50,  50,  50,  50,  50,  50,  50,
16384.0K,  28,  28,  28,  50,  50,  50,  50,  50,  50,  50,  50,  50,  50,
*** CacheLine Backward Read Latency ***
Distance,   8,  16,  24,  32,  48,  64,  96, 128, 160, 192, 224, 256, 288,
    8.0K,   2,   2,   2,   2,   2,   2,   2,   2,   2,   2,   2,
   16.0K,   2,   2,   2,   2,   2,   2,   2,   2,   2,   2,   2,   2,
   32.0K,   2,   2,   2,   2,   2,   2,   2,   2,   2,   2,   2,   2,   2,
   64.0K,  10,  10,  10,  19,  19,  19,  19,  19,  19,  19,  19,  19,  21,
  128.0K,  10,  10,  11,  19,  19,  19,  19,  20,  20,  19,  20,  19,  20,
  256.0K,  10,  10,  10,  19,  19,  19,  19,  19,  19,  19,  20,  19,  19,
  512.0K,  11,  10,  11,  23,  21,  22,  22,  22,  21,  21,  24,  21,  21,
 1024.0K,  15,  15,  15,  27,  28,  27,  27,  27,  28,  27,  26,  26,  27,
 2048.0K,  19,  20,  20,  35,  34,  36,  35,  36,  36,  36,  37,  38,  37,
 4096.0K,  26,  26,  26,  46,  46,  46,  46,  46,  46,  46,  46,  46,  47,
 8192.0K,  28,  28,  28,  50,  50,  50,  50,  50,  50,  50,  50,  50,  50,
16384.0K,  28,  28,  28,  50,  50,  50,  50,  50,  50,  50,  50,  50,  50,
BenchMemLat exit code: 0x0100
L1D cacheline size: 32 bytes      [Mode:6 Size:    64K, Stride:   512, #NOP:  0, UnRoll:64]
Mem latency: 230.721ns(  54 clks) [Mode:1 Size: 16384K, Stride:  1024, #NOP: 23, UnRoll:32]
L1D latency:   9.696ns(   2 clks) [Mode:1 Size:    32K, Stride:    32, #NOP:  0, UnRoll:64]
Running time:    944 seconds.
