Copyright (C) 2003, 2009 Lavalys Consulting Group, Inc. All rights reserved.
everest_bench.dll build: 2.4.257.0 Jan 19 2009 01:57:35
CPUCount: 1, procMask: 0x00000001 Size of Memory: 261668KB Priority:080
CPU#00 Vendor: AuthenticAMD CoreType:0x10000524
CPU#00 Family: 5 Modell: 02 Stepping: 4 Type: "AMD-K5(tm) Processor"
CPU#00 Features: TSC, FPU, CMPXCHG8B
CPU#00 Frequency:   58.44MHz  OS:5.0.2195 Service Pack 4
CPU#00 AffMask:0x00000001 APIC_ID:0x00000000 Phys_ID:000 Core_ID:00 SMT_ID:00 PhysMask:0x00000001 
CPU#00 L1I cache:    16KB,   32 byte cache line,  4 way, SMask:00000001
CPU#00 L1D cache:     8KB,   32 byte cache line,  4 way, SMask:00000001
CPU#00 AffMask:0x00000001 APIC_ID:0x00000000 Phys_ID:000 Core_ID:00 SMT_ID:00 PhysMask:0x00000001 
Parameters: "-ph -d4094 -l "
Memory Latency ProcMask:0x00000001 #NOP:0
*** Linear Read Latency ***
Stride,     4,   8,  16,  32,  64, 128, 256, 512,  1K,  2K,  4K,  8K,
   0.25K,   1,   1,   1,   1,   1,   1,
   0.50K,   1,   1,   1,   1,   1,   1,   1,
    1.0K,   1,   1,   1,   1,   1,   1,   1,   1,
    2.0K,   1,   1,   1,   1,   1,   1,   1,   1,   1,
    4.0K,   1,   1,   1,   1,   1,   1,   1,   1,   1,   1,
    8.0K,   2,   2,   1,   1,   1,   1,   1,   1,  20,   1,   1,
   16.0K,   3,   5,   8,  15,  11,  15,  14,  15,  19,  20,   1,   3,
   32.0K,   3,   6,  10,  16,  16,  17,  19,  19,  17,  25,  24,   3,
   64.0K,   3,   6,  10,  18,  18,  18,  18,  18,  21,  25,  24,  27,
  128.0K,   4,   6,  10,  18,  17,  19,  20,  19,  23,  24,  25,  25,
  256.0K,   3,   6,  11,  19,  19,  18,  20,  19,  21,  23,  24,  22,
  512.0K,   4,   6,  11,  20,  19,  19,  20,  20,  22,  25,  25,  25,
 1024.0K,   4,   6,  12,  21,  21,  22,  22,  24,  25,  30,  42,  33,
 2048.0K,   4,   7,  12,  22,  22,  22,  23,  25,  30,  39,  44,  43,
 4096.0K,   4,   7,  12,  22,  23,  23,  24,  27,  32,  35,  57,  39,
 8192.0K,   4,   7,  12,  22,  23,  23,  24,  26,  31,  43,  42,  57,
16384.0K,   4,   7,  12,  22,  23,  23,  25,  27,  31,  40,  53,  49,
*** Backward Read Latency ***
Stride,     4,   8,  16,  32,  64, 128, 256, 512,  1K,  2K,  4K,  8K,
   0.25K,   1,   1,   1,   1,   1,   1,
   0.50K,   1,   1,   1,   1,   1,   1,   1,
    1.0K,   1,   1,   1,   1,   1,   1,   1,   1,
    2.0K,   1,   1,   1,   1,   1,   1,   1,   1,   1,
    4.0K,   1,   1,   1,   1,   1,   1,   1,   1,   1,   1,
    8.0K,   1,   1,   1,   1,   1,   1,   1,   1,   1,   1,   1,
   16.0K,   3,   4,   6,  15,   9,  10,  17,  18,  25,  24,   1,   3,
   32.0K,   3,   5,   9,  15,  15,  19,  18,  21,  21,  29,  22,   2,
   64.0K,   3,   5,  10,  18,  16,  16,  17,  20,  19,  25,  22,  21,
  128.0K,   3,   6,  10,  18,  18,  19,  19,  19,  21,  22,  23,  22,
  256.0K,   4,   6,  11,  18,  19,  19,  19,  18,  21,  23,  23,  29,
  512.0K,   4,   6,  11,  20,  19,  19,  19,  21,  22,  25,  25,  22,
 1024.0K,   4,   6,  11,  21,  21,  21,  22,  23,  26,  30,  34,  42,
 2048.0K,   4,   7,  12,  22,  22,  22,  23,  25,  29,  39,  51,  45,
 4096.0K,   4,   7,  12,  22,  23,  23,  24,  27,  32,  40,  40,  39,
 8192.0K,   4,   7,  12,  22,  23,  23,  24,  27,  31,  36,  47,  40,
16384.0K,   4,   7,  12,  22,  23,  23,  24,  27,  33,  44,  58,  54,
*** BlockRandom Read Latency ***
Block,      8,  16,  32,  64, 128, 256, 512,  1K,  2K,  4K,  8K,
   0.25K,   1,
   0.50K,   1,   1,
    1.0K,   1,   1,   1,
    2.0K,   1,   1,   1,   1,
    4.0K,   1,   1,   1,   1,   1,
    8.0K,   1,   1,   1,   1,   1,   1,
   16.0K,  14,  17,  17,  13,  19,  19,  19,
   32.0K,  14,  20,  17,  15,  20,  24,  24,  24,
   64.0K,  19,  19,  19,  20,  23,  21,  23,  18,  21,
  128.0K,  18,  19,  18,  20,  20,  21,  24,  22,  21,  24,
  256.0K,  19,  19,  19,  19,  23,  23,  23,  23,  23,  24,  23,
  512.0K,  19,  19,  19,  20,  23,  23,  24,  24,  26,  24,  25,
 1024.0K,  21,  21,  21,  21,  25,  25,  26,  27,  27,  27,  27,
 2048.0K,  22,  22,  22,  22,  26,  27,  28,  28,  28,  29,  29,
 4096.0K,  22,  22,  22,  22,  27,  28,  29,  29,  29,  29,  29,
 8192.0K,  22,  22,  22,  22,  27,  29,  29,  29,  29,  30,  30,
16384.0K,  22,  22,  22,  22,  27,  28,  29,  29,  30,  30,  30,
*** Random Read Latency ***
Stride,     4,   8,  16,  32,  64, 128, 256, 512,  1K,  2K,  4K,  8K,
   0.25K,   1,   1,   1,   1,   1,   1,
   0.50K,   1,   1,   1,   1,   1,   1,   1,
    1.0K,   1,   1,   1,   1,   1,   1,   1,   1,
    2.0K,   1,   1,   1,   1,   1,   1,   1,   1,   1,
    4.0K,   1,   1,   1,   1,   1,   1,   1,   1,   1,   1,
    8.0K,   1,   1,   1,   1,   1,   1,   1,   1,   1,   1,   1,
   16.0K,  13,  16,  11,  16,  17,  19,  16,  20,  15,  17,   1,   3,
   32.0K,  21,  18,  16,  25,  24,  25,  25,  22,  23,  14,  24,   2,
   64.0K,  18,  22,  21,  24,  23,  20,  24,  21,  25,  23,  24,  24,
  128.0K,  22,  22,  23,  21,  24,  24,  23,  21,  22,  24,  24,  22,
  256.0K,  24,  22,  23,  24,  24,  23,  23,  24,  22,  23,  22,  23,
  512.0K,  25,  24,  24,  25,  25,  23,  24,  24,  24,  24,  25,  23,
 1024.0K,  34,  40,  32,  40,  41,  39,  41,  40,  41,  42,  44,  47,
 2048.0K,  44,  41,  37,  46,  43,  42,  42,  43,  50,  51,  55,  54,
 4096.0K,  42,  53,  53,  52,  52,  52,  43,  43,  41,  40,  59,  55,
 8192.0K,  44,  57,  51,  57,  57,  51,  52,  53,  53,  59,  53,  50,
16384.0K,  66,  66,  58,  58,  52,  67,  63,  56,  67,  66,  58,  63,
*** CacheLine Forward Read Latency ***
Distance,   8,  16,  24,  32,  48,  64,  96, 128, 160, 192, 224, 256,
    8.0K,   1,   5,   1,   1,   1,   1,   1,   1,   1,   1,   1,
   16.0K,  10,   9,   7,  12,  16,  13,  10,  12,  15,  18,  11,  10,
   32.0K,   8,   8,   6,  16,  14,  15,  16,  13,  15,  16,  15,  16,
   64.0K,   8,   8,   9,  14,  16,  15,  15,  13,  13,  13,  15,  14,
  128.0K,   9,   8,   9,  16,  16,  15,  14,  14,  15,  15,  15,  16,
  256.0K,   9,   9,   8,  15,  15,  15,  14,  15,  15,  15,  15,  15,
  512.0K,   9,   9,   9,  16,  16,  16,  17,  16,  16,  16,  16,  16,
 1024.0K,  11,  11,  11,  19,  19,  18,  19,  19,  18,  18,  18,  19,
 2048.0K,  12,  12,  12,  20,  20,  20,  20,  19,  20,  20,  20,  20,
 4096.0K,  12,  12,  12,  20,  20,  20,  21,  20,  21,  21,  21,  21,
 8192.0K,  12,  12,  12,  21,  21,  20,  21,  21,  21,  21,  21,  21,
16384.0K,  13,  12,  12,  21,  21,  21,  21,  21,  21,  21,  21,  21,
*** CacheLine Backward Read Latency ***
Distance,   8,  16,  24,  32,  48,  64,  96, 128, 160, 192, 224, 256,
    8.0K,   5,   4,   1,   1,   1,   1,   1,   1,   1,   1,   1,
   16.0K,   7,   7,   8,  18,  16,  11,  16,   7,  16,  10,  19,  10,
   32.0K,  10,   9,   9,  15,  13,  14,  14,  13,  15,  15,  14,  16,
   64.0K,   8,   8,   8,  15,  14,  14,  15,  15,  15,  14,  14,  15,
  128.0K,   9,   9,   9,  14,  16,  14,  15,  15,  15,  16,  16,  15,
  256.0K,   9,   9,   9,  16,  15,  15,  16,  15,  16,  14,  15,  15,
  512.0K,   9,   9,   9,  16,  16,  15,  16,  16,  17,  17,  16,  16,
 1024.0K,  11,  11,  11,  19,  19,  18,  19,  18,  19,  19,  19,  19,
 2048.0K,  12,  12,  12,  20,  20,  20,  20,  20,  19,  20,  20,  20,
 4096.0K,  12,  13,  12,  21,  20,  20,  21,  20,  21,  21,  21,  21,
 8192.0K,  13,  12,  12,  21,  20,  21,  21,  21,  21,  20,  21,  20,
16384.0K,  12,  13,  12,  21,  21,  21,  21,  21,  21,  21,  21,  21,
BenchMemLat exit code: 0x0100
L1D cacheline size: 16 bytes      [Mode:6 Size:    16K, Stride:   512, #NOP:  0, UnRoll:16]
Mem latency: 519.178ns(  30 clks) [Mode:1 Size: 16384K, Stride:  1024, #NOP:  1, UnRoll:8]
L1D latency:  16.827ns(   1 clks) [Mode:1 Size:     8K, Stride:    32, #NOP:  0, UnRoll:64]
Running time:    793 seconds.
