Copyright (C) 2003, 2009 Lavalys Consulting Group, Inc. All rights reserved.
everest_bench.dll build: 2.4.273.0 Oct 21 2009 23:53:40
CPUCount: 1, procMask: 0x00000001 Size of Memory: 523764KB Priority:020
CPU#00 Vendor: AuthenticAMD CoreType:0x10000501
CPU#00 Family: 5 Modell: 00 Stepping: 1
CPU#00 Features: TSC, FPU, CMPXCHG8B
CPU#00 Frequency:  100.20MHz  OS:5.1.2600 Szervizcsomag 2
CPU#00 AffMask:0x00000001 APIC_ID:0x00000000 Phys_ID:000 Core_ID:00 SMT_ID:00 PhysMask:0x00000001 
CPU#00 L1I cache:    16KB,   32 byte cache line,  4 way, SMask:00000001
CPU#00 L1D cache:     8KB,   32 byte cache line,  4 way, SMask:00000001
Memory Latency ProcMask:0x00000001 #NOP:0
*** Linear Read Latency ***
Stride,     4,   8,  16,  32,  64, 128, 256, 512,  1K,  2K,  4K,  8K,
   0.25K,   1,   1,   1,   1,   1,   1,
   0.50K,   1,   1,   1,   1,   1,   1,   1,
    1.0K,   1,   1,   1,   1,   1,   1,   1,   1,
    2.0K,   1,   1,   1,   1,   1,   1,   1,   1,   1,
    4.0K,   1,   1,   1,   1,   1,   1,   1,   1,   1,   1,
    8.0K,   2,   1,   1,   1,   1,   1,   1,   1,   1,   1,   1,
   16.0K,   2,   3,   6,  10,  10,   9,  11,  15,  11,  14,   1,   3,
   32.0K,   2,   4,   6,  13,  12,  12,  14,  15,  13,  15,  14,   2,
   64.0K,   3,   4,   7,  14,  14,  14,  15,  15,  14,  15,  15,  14,
  128.0K,   3,   4,   7,  15,  14,  15,  14,  15,  14,  15,  15,  15,
  256.0K,   3,   5,   8,  15,  15,  15,  15,  15,  15,  15,  15,  15,
  512.0K,   3,   5,   8,  15,  15,  15,  15,  15,  15,  15,  15,  15,
 1024.0K,   3,   5,   8,  15,  16,  16,  17,  18,  19,  23,  27,  28,
 2048.0K,   3,   6,  11,  20,  20,  21,  22,  22,  28,  27,  34,  32,
 4096.0K,   5,   8,  15,  28,  28,  28,  28,  30,  32,  37,  44,  39,
 8192.0K,   5,   8,  15,  29,  30,  30,  30,  32,  34,  39,  48,  46,
16384.0K,   5,   8,  15,  30,  30,  30,  30,  32,  34,  39,  48,  52,
*** Backward Read Latency ***
Stride,     4,   8,  16,  32,  64, 128, 256, 512,  1K,  2K,  4K,  8K,
   0.25K,   1,   1,   1,   1,   1,   1,
   0.50K,   1,   1,   1,   1,   1,   1,   1,
    1.0K,   1,   1,   1,   1,   1,   1,   1,   1,
    2.0K,   1,   1,   1,   1,   1,   1,   1,   1,   1,
    4.0K,   1,   1,   1,   1,   1,   1,   1,   1,   1,   1,
    8.0K,   2,   2,   1,   1,   1,   1,   1,   1,   1,   1,   1,
   16.0K,   2,   4,   5,  10,  10,  10,  11,  18,  15,  17,   1,   3,
   32.0K,   2,   4,   7,  12,  12,  12,  17,  15,  15,  15,  14,   2,
   64.0K,   3,   4,   7,  14,  14,  14,  14,  15,  15,  15,  15,  14,
  128.0K,   3,   4,   7,  15,  15,  14,  15,  16,  15,  15,  15,  15,
  256.0K,   3,   4,   7,  15,  15,  15,  15,  15,  15,  15,  15,  15,
  512.0K,   3,   5,   8,  16,  15,  15,  15,  16,  15,  16,  15,  17,
 1024.0K,   3,   5,   9,  17,  18,  18,  19,  19,  21,  24,  30,  29,
 2048.0K,   4,   6,  12,  23,  24,  23,  23,  25,  26,  30,  37,  35,
 4096.0K,   4,   8,  15,  28,  29,  29,  29,  30,  33,  37,  45,  40,
 8192.0K,   5,   8,  15,  29,  30,  30,  30,  32,  34,  39,  47,  46,
16384.0K,   5,   8,  15,  29,  30,  30,  30,  32,  34,  39,  48,  48,
*** BlockRandom Read Latency ***
Block,      8,  16,  32,  64, 128, 256, 512,  1K,  2K,  4K,  8K,
   0.25K,   1,
   0.50K,   1,   1,
    1.0K,   1,   1,   1,
    2.0K,   1,   1,   1,   1,
    4.0K,   1,   1,   1,   1,   1,
    8.0K,   1,   1,   1,   1,   1,   1,
   16.0K,  12,  12,  12,  12,  12,  12,  12,
   32.0K,  14,  15,  15,  15,  15,  15,  15,  15,
   64.0K,  15,  15,  15,  15,  15,  15,  15,  15,  15,
  128.0K,  15,  15,  15,  15,  15,  15,  15,  15,  16,  15,
  256.0K,  15,  15,  15,  15,  15,  15,  15,  15,  15,  15,  15,
  512.0K,  16,  16,  17,  17,  16,  17,  16,  16,  16,  16,  16,
 1024.0K,  17,  17,  17,  18,  17,  16,  17,  17,  17,  17,  17,
 2048.0K,  17,  18,  18,  19,  19,  20,  19,  20,  20,  20,  20,
 4096.0K,  28,  28,  28,  28,  28,  28,  28,  28,  28,  28,  28,
 8192.0K,  30,  30,  29,  29,  29,  29,  29,  29,  29,  29,  29,
16384.0K,  30,  30,  30,  30,  30,  30,  30,  30,  30,  30,  30,
*** Random Read Latency ***
Stride,     4,   8,  16,  32,  64, 128, 256, 512,  1K,  2K,  4K,  8K,
   0.25K,   1,   1,   1,   1,   1,   1,
   0.50K,   1,   1,   1,   1,   1,   1,   1,
    1.0K,   1,   1,   1,   1,   1,   1,   1,   1,
    2.0K,   1,   1,   1,   1,   1,   1,   1,   1,   1,
    4.0K,   1,   1,   1,   1,   1,   1,   1,   1,   1,   1,
    8.0K,   1,   1,   1,   1,   1,   1,   1,   1,   1,   1,   1,
   16.0K,   8,   8,   9,  12,  12,  12,  11,  11,  11,  14,   1,   3,
   32.0K,  12,  12,  13,  15,  15,  15,  15,  15,  15,  15,  14,   2,
   64.0K,  13,  14,  14,  15,  15,  15,  15,  15,  15,  15,  15,  14,
  128.0K,  14,  14,  15,  15,  15,  15,  15,  15,  15,  15,  15,  15,
  256.0K,  15,  15,  15,  15,  15,  15,  15,  15,  15,  15,  15,  15,
  512.0K,  15,  16,  16,  16,  16,  16,  15,  16,  15,  15,  16,  16,
 1024.0K,  27,  27,  27,  28,  28,  28,  28,  29,  29,  30,  34,  32,
 2048.0K,  34,  35,  35,  37,  37,  37,  36,  37,  37,  38,  40,  37,
 4096.0K,  41,  41,  42,  45,  45,  45,  45,  45,  45,  46,  47,  41,
 8192.0K,  45,  46,  46,  48,  48,  48,  48,  48,  48,  48,  49,  47,
16384.0K,  47,  48,  48,  49,  49,  49,  49,  49,  49,  49,  49,  49,
*** CacheLine Forward Read Latency ***
Distance,   8,  16,  24,  32,  48,  64,  96, 128, 160, 192, 224, 256,
    8.0K,   1,   1,   1,   1,   3,   1,   1,   1,   1,   1,   1,
   16.0K,   6,   6,   6,   7,  11,  11,  11,   8,  11,  11,  11,  11,
   32.0K,   6,   6,   5,  11,  11,  10,  11,  10,  11,   9,  11,  11,
   64.0K,   5,   6,   6,  11,  11,  11,  11,  10,  11,  11,  11,  11,
  128.0K,   6,   6,   6,  11,  11,  11,  11,  11,  11,  11,  11,  11,
  256.0K,   6,   6,   6,  11,  11,  11,  11,  11,  11,  11,  11,  11,
  512.0K,   6,   7,   6,  13,  12,  12,  12,  12,  13,  12,  12,  12,
 1024.0K,   8,   8,   8,  14,  15,  14,  14,  14,  15,  15,  15,  15,
 2048.0K,  10,  10,  10,  17,  18,  18,  17,  18,  18,  18,  19,  19,
 4096.0K,  13,  13,  13,  23,  23,  23,  23,  23,  23,  23,  23,  23,
 8192.0K,  14,  14,  14,  25,  25,  25,  25,  25,  25,  25,  25,  25,
16384.0K,  14,  14,  14,  25,  25,  25,  25,  25,  25,  25,  25,  25,
*** CacheLine Backward Read Latency ***
Distance,   8,  16,  24,  32,  48,  64,  96, 128, 160, 192, 224, 256,
    8.0K,   1,   1,   1,   1,   1,   1,   1,   1,   1,   1,   1,
   16.0K,   9,   6,   6,   9,  11,   8,  11,  12,  11,  11,  11,  14,
   32.0K,   6,   6,   6,  12,  11,   9,  11,  10,  11,  12,  11,  11,
   64.0K,   6,   6,   5,  11,  11,  10,  12,  11,  11,  12,  11,  11,
  128.0K,   6,   6,   6,  11,  11,  11,  11,  11,  11,  12,  11,  11,
  256.0K,   6,   6,   6,  11,  11,  11,  11,  11,  11,  11,  11,  11,
  512.0K,   7,   6,   6,  12,  12,  12,  12,  12,  12,  12,  13,  12,
 1024.0K,   8,   8,   9,  15,  15,  15,  16,  15,  15,  15,  14,  14,
 2048.0K,  11,  11,  11,  19,  19,  19,  19,  19,  18,  19,  19,  19,
 4096.0K,  13,  13,  13,  23,  23,  23,  23,  23,  23,  23,  23,  23,
 8192.0K,  14,  14,  14,  25,  26,  25,  25,  25,  25,  25,  25,  25,
16384.0K,  14,  14,  14,  25,  25,  25,  25,  25,  25,  25,  25,  25,
BenchMemLat exit code: 0x0100
L1D cacheline size: 32 bytes      [Mode:6 Size:    16K, Stride:   512, #NOP:  0, UnRoll:16]
Mem latency: 328.191ns(  33 clks) [Mode:1 Size: 16384K, Stride:  1024, #NOP:  2, UnRoll:8]
L1D latency:   9.814ns(   1 clks) [Mode:1 Size:     8K, Stride:    32, #NOP:  0, UnRoll:64]
Running time:   1083 seconds.
