Copyright (C) 2003, 2009 Lavalys Consulting Group, Inc. All rights reserved.
everest_bench.dll build: 2.4.257.0 Jan 19 2009 01:57:35
CPUCount: 1, procMask: 0x00000001 Size of Memory: 490996KB Priority:080
CPU#00 Vendor: AuthenticAMD CoreType:0x10000681
CPU#00 Family: 6 Modell: 08 Stepping: 1 Type: "AMD Duron(tm) processor"
CPU#00 Features: TSC, FPU, CMOV, MMX, MMX+, 3DNow!, 3DNow!+, SSE, CMPXCHG8B
CPU#00 Frequency: 1599.13MHz  OS:5.1.2600 Service Pack 1
CPU#00 AffMask:0x00000001 APIC_ID:0x00000000 Phys_ID:000 Core_ID:00 SMT_ID:00 PhysMask:0x00000001 
CPU#00 L1I cache:    64KB,   64 byte cache line,  2 way, SMask:00000001
CPU#00 L1D cache:    64KB,   64 byte cache line,  2 way, SMask:00000001
CPU#00 L2  cache:    64KB,   64 byte cache line, 16 way, SMask:00000001, exclusive
CPU#00 AffMask:0x00000001 APIC_ID:0x00000000 Phys_ID:000 Core_ID:00 SMT_ID:00 PhysMask:0x00000001 
Parameters: "-ph -d4094 -l "
Memory Latency ProcMask:0x00000001 #NOP:0
*** Linear Read Latency ***
Stride,     4,   8,  16,  32,  64, 128, 256, 512,  1K,  2K,  4K,  8K, 16K,
   0.25K,   3,   3,   3,   3,   3,   3,
   0.50K,   3,   3,   3,   3,   3,   3,   3,
    1.0K,   3,   3,   3,   3,   3,   3,   3,   3,
    2.0K,   3,   3,   3,   3,   3,   3,   3,   3,   3,
    4.0K,   3,   3,   3,   3,   3,   3,   3,   3,   3,   3,
    8.0K,   3,   3,   3,   3,   3,   3,   3,   3,   3,   3,   3,
   16.0K,   3,   3,   3,   3,   3,   3,   3,   3,   3,   3,   3,   3,
   32.0K,   3,   3,   3,   3,   3,   3,   3,   3,   3,   3,   3,   3,   3,
   64.0K,   3,   3,   3,   3,   3,   3,   3,   3,   3,   3,   3,   3,   3,
  128.0K,   4,   4,   5,  18,  24,  20,  20,  20,  20,  19,  19,  19,  18,
  256.0K,  13,  26,  51,  95, 206, 243, 259, 262, 252, 261, 288, 292,  19,
  512.0K,  13,  27,  51,  94, 211, 259, 244, 261, 267, 278, 300, 289, 279,
 1024.0K,  13,  27,  51,  95, 209, 257, 246, 262, 269, 279, 304, 300, 291,
 2048.0K,  13,  27,  52,  94, 209, 258, 260, 258, 266, 272, 323, 324, 315,
 4096.0K,  13,  27,  52,  96, 214, 259, 258, 265, 269, 276, 331, 331, 329,
 8192.0K,  13,  28,  52,  95, 213, 260, 261, 263, 265, 275, 332, 332, 333,
16384.0K,  13,  28,  52,  95, 212, 261, 262, 266, 272, 297, 321, 313, 336,
*** Backward Read Latency ***
Stride,     4,   8,  16,  32,  64, 128, 256, 512,  1K,  2K,  4K,  8K, 16K,
   0.25K,   3,   3,   3,   3,   3,   3,
   0.50K,   3,   3,   3,   3,   3,   3,   3,
    1.0K,   3,   3,   3,   3,   3,   3,   3,   3,
    2.0K,   3,   3,   3,   3,   3,   3,   3,   3,   3,
    4.0K,   3,   3,   3,   3,   3,   3,   3,   3,   3,   3,
    8.0K,   3,   3,   3,   3,   3,   3,   3,   3,   3,   3,   3,
   16.0K,   3,   3,   3,   3,   3,   3,   3,   3,   3,   3,   3,   3,
   32.0K,   3,   3,   3,   3,   3,   3,   3,   3,   3,   3,   3,   3,   3,
   64.0K,   3,   3,   3,   3,   3,   3,   3,   3,   3,   3,   3,   3,   3,
  128.0K,   4,   6,   9,  18,  20,  20,  20,  20,  20,  20,  20,  19,  18,
  256.0K,  19,  39,  74, 134, 261, 243, 259, 262, 267, 279, 286, 287,  19,
  512.0K,  19,  40,  70, 142, 249, 250, 259, 247, 268, 277, 298, 289, 293,
 1024.0K,  19,  40,  72, 140, 255, 253, 245, 263, 253, 278, 302, 299, 293,
 2048.0K,  19,  40,  73, 141, 258, 262, 260, 267, 258, 291, 321, 323, 321,
 4096.0K,  19,  40,  73, 142, 260, 260, 262, 268, 277, 295, 330, 331, 330,
 8192.0K,  19,  40,  74, 143, 260, 261, 261, 268, 274, 282, 331, 309, 309,
16384.0K,  19,  40,  74, 143, 261, 261, 263, 266, 278, 284, 316, 336, 336,
*** BlockRandom Read Latency ***
Block,      8,  16,  32,  64, 128, 256, 512,  1K,  2K,  4K,  8K, 16K,
   0.50K,   3,
    1.0K,   3,   3,
    2.0K,   3,   3,   3,
    4.0K,   3,   3,   3,   3,
    8.0K,   3,   3,   3,   3,   3,
   16.0K,   3,   3,   3,   3,   3,   3,
   32.0K,   3,   3,   3,   3,   3,   3,   3,
   64.0K,   3,   3,   3,   3,   3,   3,   3,   3,
  128.0K,  22,  21,  20,  20,  20,  20,  20,  20,  33,
  256.0K, 205, 215, 219, 218, 243, 253, 274, 286, 278, 296,
  512.0K, 206, 212, 208, 232, 245, 253, 274, 276, 294, 293, 296,
 1024.0K, 200, 210, 219, 229, 239, 261, 268, 280, 291, 294, 296, 298,
 2048.0K, 203, 214, 218, 229, 242, 257, 268, 281, 291, 297, 299, 301,
 4096.0K, 205, 214, 220, 231, 255, 265, 271, 284, 293, 298, 300, 303,
 8192.0K, 206, 215, 221, 232, 253, 266, 274, 284, 293, 298, 301, 303,
16384.0K, 206, 215, 220, 232, 252, 265, 271, 284, 293, 299, 301, 303,
*** Random Read Latency ***
Stride,     4,   8,  16,  32,  64, 128, 256, 512,  1K,  2K,  4K,  8K, 16K,
   0.25K,   3,   3,   3,   3,   3,   3,
   0.50K,   3,   3,   3,   3,   3,   3,   3,
    1.0K,   3,   3,   3,   3,   3,   3,   3,   3,
    2.0K,   3,   3,   3,   3,   3,   3,   3,   3,   3,
    4.0K,   3,   3,   3,   3,   3,   3,   3,   3,   3,   3,
    8.0K,   3,   3,   3,   3,   3,   3,   3,   3,   3,   3,   3,
   16.0K,   3,   3,   3,   3,   3,   3,   3,   3,   3,   3,   3,   3,
   32.0K,   3,   3,   3,   3,   3,   3,   3,   3,   3,   3,   3,   3,   3,
   64.0K,   3,   3,   3,   3,   3,   3,   3,   3,   3,   3,   3,   3,   3,
  128.0K,  11,  11,  12,  16,  33,  26,  22,  25,  20,  24,  47,  20,  22,
  256.0K, 160, 166, 180, 204, 297, 290, 299, 298, 299, 297, 294, 296,  27,
  512.0K, 234, 238, 241, 258, 299, 295, 302, 302, 302, 288, 292, 293, 306,
 1024.0K, 270, 271, 273, 281, 299, 295, 294, 288, 304, 303, 306, 310, 312,
 2048.0K, 303, 304, 305, 308, 316, 314, 320, 306, 304, 329, 325, 331, 336,
 4096.0K, 319, 320, 320, 322, 326, 325, 326, 326, 326, 338, 318, 318, 344,
 8192.0K, 328, 328, 328, 330, 332, 337, 342, 342, 338, 318, 342, 344, 326,
16384.0K, 352, 352, 351, 352, 354, 367, 368, 359, 348, 341, 341, 326, 351,
*** CacheLine Forward Read Latency ***
Distance,   8,  16,  24,  32,  48,  64,  96, 128, 160, 192, 224, 256, 288,
    8.0K,   3,   3,   3,   3,   3,   3,   3,   3,   3,   3,   3,
   16.0K,   3,   3,   3,   3,   3,   3,   3,   3,   3,   3,   3,   3,
   32.0K,   3,   3,   3,   3,   3,   3,   3,   3,   3,   3,   3,   3,   3,
   64.0K,   3,   3,   3,   3,   3,   3,   3,   3,   3,   3,   3,   3,   3,
  128.0K,   8,   8,   8,   8,   8,  26,  26,  20,  20,  20,  20,  20,  20,
  256.0K, 132, 133, 132, 147, 142, 253, 245, 231, 252, 251, 255, 252, 252,
  512.0K, 120, 133, 132, 146, 142, 231, 256, 231, 254, 253, 231, 254, 253,
 1024.0K, 131, 128, 124, 135, 132, 249, 248, 252, 252, 254, 258, 240, 254,
 2048.0K, 134, 134, 128, 136, 134, 249, 251, 249, 256, 256, 256, 256, 241,
 4096.0K, 131, 128, 127, 148, 138, 257, 254, 251, 253, 249, 256, 250, 253,
 8192.0K, 131, 131, 131, 145, 141, 254, 253, 253, 254, 253, 253, 253, 252,
16384.0K, 133, 133, 133, 147, 143, 256, 256, 255, 255, 255, 255, 255, 255,
*** CacheLine Backward Read Latency ***
Distance,   8,  16,  24,  32,  48,  64,  96, 128, 160, 192, 224, 256, 288,
    8.0K,   3,   3,   3,   3,   3,   3,   3,   3,   3,   3,   3,
   16.0K,   3,   3,   3,   3,   3,   3,   3,   3,   3,   3,   3,   3,
   32.0K,   3,   3,   3,   3,   3,   3,   3,   3,   3,   3,   3,   3,   3,
   64.0K,   3,   3,   3,   3,   3,   3,   3,   3,   3,   3,   3,   3,   3,
  128.0K,   8,   8,   8,   8,   8,  26,  26,  20,  20,  20,  20,  20,  20,
  256.0K, 133, 133, 132, 147, 142, 253, 254, 253, 255, 231, 253, 254, 231,
  512.0K, 133, 133, 133, 146, 141, 256, 256, 235, 255, 255, 231, 256, 254,
 1024.0K, 133, 133, 133, 147, 142, 256, 235, 236, 234, 242, 238, 241, 237,
 2048.0K, 121, 124, 130, 138, 137, 242, 249, 241, 241, 246, 251, 256, 257,
 4096.0K, 129, 132, 128, 146, 143, 249, 250, 257, 253, 249, 257, 249, 257,
 8192.0K, 131, 131, 131, 145, 141, 254, 254, 253, 254, 254, 254, 253, 253,
16384.0K, 133, 133, 133, 147, 143, 256, 256, 255, 256, 255, 256, 255, 255,
BenchMemLat exit code: 0x0100
L1D cacheline size: 64 bytes      [Mode:6 Size:   128K, Stride:   512, #NOP:  0, UnRoll:64]
L2  cacheline size: 64 bytes      [Mode:6 Size:   128K, Stride:   512, #NOP:  0, UnRoll:64]
Mem latency: 164.148ns( 262 clks) [Mode:1 Size: 16384K, Stride:  1024, #NOP: 20, UnRoll:64]
L1D latency:   1.857ns(   3 clks) [Mode:1 Size:    64K, Stride:    64, #NOP:  0, UnRoll:64]
L2  latency:   8.130ns(  13 clks) [Mode:1 Size:   128K, Stride:    64, #NOP: 37, UnRoll:64]
Running time:    356 seconds.
