Copyright (C) 2003, 2009 Lavalys Consulting Group, Inc. All rights reserved.
everest_bench.dll build: 2.4.258.0 Jan 21 2009 03:07:30
CPUCount: 1, procMask: 0x00000001 Size of Memory: 523760KB Priority:080
CPU#00 Vendor: AuthenticAMD CoreType:0x10000680
CPU#00 Family: 6 Modell: 08 Stepping: 0 Type: "AMD Athlon(tm) XP 2200+"
CPU#00 Features: TSC, FPU, CMOV, MMX, MMX+, 3DNow!, 3DNow!+, SSE, CMPXCHG8B
CPU#00 Frequency: 1796.95MHz  OS:5.1.2600 Service Pack 2
CPU#00 AffMask:0x00000001 APIC_ID:0x00000000 Phys_ID:000 Core_ID:00 SMT_ID:00 PhysMask:0x00000001 
CPU#00 L1I cache:    64KB,   64 byte cache line,  2 way, SMask:00000001
CPU#00 L1D cache:    64KB,   64 byte cache line,  2 way, SMask:00000001
CPU#00 L2  cache:   256KB,   64 byte cache line, 16 way, SMask:00000001, exclusive
CPU#00 AffMask:0x00000001 APIC_ID:0x00000000 Phys_ID:000 Core_ID:00 SMT_ID:00 PhysMask:0x00000001 
Parameters: "-ph -d4094 -l "
Memory Latency ProcMask:0x00000001 #NOP:0
*** Linear Read Latency ***
Stride,     4,   8,  16,  32,  64, 128, 256, 512,  1K,  2K,  4K,  8K, 16K,
   0.25K,   3,   3,   3,   3,   3,   3,
   0.50K,   3,   3,   3,   3,   3,   3,   3,
    1.0K,   3,   3,   3,   3,   3,   3,   3,   3,
    2.0K,   3,   3,   3,   3,   3,   3,   3,   3,   3,
    4.0K,   3,   3,   3,   3,   3,   3,   3,   3,   3,   3,
    8.0K,   3,   3,   3,   3,   3,   3,   3,   3,   3,   3,   3,
   16.0K,   3,   3,   3,   3,   3,   3,   3,   3,   3,   3,   3,   3,
   32.0K,   3,   3,   3,   3,   3,   3,   3,   3,   3,   3,   3,   3,   3,
   64.0K,   3,   3,   3,   3,   3,   3,   3,   3,   3,   3,   3,   3,   3,
  128.0K,   3,   4,   5,  18,  24,  20,  20,  20,  20,  20,  20,  20,  20,
  256.0K,   3,   4,   5,  18,  24,  20,  20,  20,  20,  20,  20,  20,  20,
  512.0K,  11,  18,  37,  71, 156, 210, 209, 214, 210, 203, 193,  20,  20,
 1024.0K,  11,  18,  37,  71, 157, 211, 213, 215, 211, 203, 194, 193,  20,
 2048.0K,  11,  18,  38,  71, 158, 212, 214, 220, 216, 213, 210, 208, 208,
 4096.0K,  11,  18,  38,  71, 158, 212, 214, 221, 219, 217, 214, 214, 215,
 8192.0K,  11,  18,  38,  71, 158, 212, 215, 221, 220, 219, 216, 216, 215,
16384.0K,  11,  18,  38,  71, 158, 212, 215, 222, 221, 220, 220, 217, 217,
*** Backward Read Latency ***
Stride,     4,   8,  16,  32,  64, 128, 256, 512,  1K,  2K,  4K,  8K, 16K,
   0.25K,   3,   3,   3,   3,   3,   3,
   0.50K,   3,   3,   3,   3,   3,   3,   3,
    1.0K,   3,   3,   3,   3,   3,   3,   3,   3,
    2.0K,   3,   3,   3,   3,   3,   3,   3,   3,   3,
    4.0K,   3,   3,   3,   3,   3,   3,   3,   3,   3,   3,
    8.0K,   3,   3,   3,   3,   3,   3,   3,   3,   3,   3,   3,
   16.0K,   3,   3,   3,   3,   3,   3,   3,   3,   3,   3,   3,   3,
   32.0K,   3,   3,   3,   3,   3,   3,   3,   3,   3,   3,   3,   3,   3,
   64.0K,   3,   3,   3,   3,   3,   3,   3,   3,   3,   3,   3,   3,   3,
  128.0K,   4,   6,   9,  18,  20,  20,  20,  20,  20,  20,  20,  20,  20,
  256.0K,   4,   6,   9,  18,  20,  20,  20,  20,  20,  20,  20,  20,  20,
  512.0K,  14,  24,  48,  84, 150, 206, 203, 203, 202, 202, 192,  20,  19,
 1024.0K,  14,  24,  49,  84, 151, 207, 206, 205, 203, 203, 196, 194,  20,
 2048.0K,  14,  24,  49,  84, 151, 209, 208, 208, 209, 212, 208, 208, 207,
 4096.0K,  14,  24,  49,  84, 151, 209, 208, 209, 213, 215, 215, 213, 215,
 8192.0K,  14,  24,  49,  84, 151, 209, 209, 210, 214, 219, 217, 216, 216,
16384.0K,  14,  24,  49,  84, 151, 209, 209, 211, 213, 221, 219, 218, 218,
*** BlockRandom Read Latency ***
Block,      8,  16,  32,  64, 128, 256, 512,  1K,  2K,  4K,  8K, 16K,
   0.50K,   3,
    1.0K,   3,   3,
    2.0K,   3,   3,   3,
    4.0K,   3,   3,   3,   3,
    8.0K,   3,   3,   3,   3,   3,
   16.0K,   3,   3,   3,   3,   3,   3,
   32.0K,   3,   3,   3,   3,   3,   3,   3,
   64.0K,   3,   3,   3,   3,   3,   3,   3,   3,
  128.0K,  22,  21,  21,  20,  20,  20,  20,  20,  20,
  256.0K,  22,  21,  21,  20,  20,  20,  20,  20,  20,  20,
  512.0K, 141, 146, 149, 163, 180, 189, 194, 196, 196, 196, 197,
 1024.0K, 143, 146, 150, 165, 181, 190, 195, 195, 198, 198, 198, 199,
 2048.0K, 143, 147, 151, 165, 182, 192, 195, 197, 198, 198, 199, 200,
 4096.0K, 143, 147, 151, 165, 183, 191, 195, 197, 198, 199, 199, 200,
 8192.0K, 143, 147, 151, 165, 182, 192, 195, 197, 199, 199, 199, 200,
16384.0K, 143, 147, 151, 165, 182, 191, 196, 197, 198, 199, 200, 200,
*** Random Read Latency ***
Stride,     4,   8,  16,  32,  64, 128, 256, 512,  1K,  2K,  4K,  8K, 16K,
   0.25K,   3,   3,   3,   3,   3,   3,
   0.50K,   3,   3,   3,   3,   3,   3,   3,
    1.0K,   3,   3,   3,   3,   3,   3,   3,   3,
    2.0K,   3,   3,   3,   3,   3,   3,   3,   3,   3,
    4.0K,   3,   3,   3,   3,   3,   3,   3,   3,   3,   3,
    8.0K,   3,   3,   3,   3,   3,   3,   3,   3,   3,   3,   3,
   16.0K,   3,   3,   3,   3,   3,   3,   3,   3,   3,   3,   3,   3,
   32.0K,   3,   3,   3,   3,   3,   3,   3,   3,   3,   3,   3,   3,   3,
   64.0K,   3,   3,   3,   3,   3,   3,   3,   3,   3,   3,   3,   3,   3,
  128.0K,  11,  11,  12,  14,  20,  20,  20,  20,  20,  21,  22,  25,  32,
  256.0K,  17,  17,  17,  18,  20,  20,  20,  20,  20,  21,  21,  25,  31,
  512.0K,  90,  95, 103, 127, 198, 198, 194, 194, 195, 196, 197,  22,  27,
 1024.0K, 147, 149, 155, 167, 199, 199, 198, 195, 195, 198, 201, 205,  28,
 2048.0K, 185, 187, 189, 196, 211, 211, 210, 210, 208, 211, 216, 220, 230,
 4096.0K, 204, 206, 206, 210, 216, 218, 216, 216, 217, 218, 222, 225, 230,
 8192.0K, 214, 214, 215, 216, 219, 221, 220, 220, 221, 222, 223, 228, 233,
16384.0K, 221, 221, 220, 221, 223, 224, 224, 227, 227, 227, 228, 228, 234,
*** CacheLine Forward Read Latency ***
Distance,   8,  16,  24,  32,  48,  64,  96, 128, 160, 192, 224, 256, 288,
    8.0K,   3,   3,   3,   3,   3,   3,   3,   3,   3,   3,   3,
   16.0K,   3,   3,   3,   3,   3,   3,   3,   3,   3,   3,   3,   3,
   32.0K,   3,   3,   3,   3,   3,   3,   3,   3,   3,   3,   3,   3,   3,
   64.0K,   3,   3,   3,   3,   3,   3,   3,   3,   3,   3,   3,   3,   3,
  128.0K,   7,   7,   7,   7,   7,  20,  20,  20,  20,  20,  20,  20,  20,
  256.0K,   7,   7,   7,   7,   7,  20,  20,  20,  20,  20,  20,  20,  20,
  512.0K, 105, 105, 120, 106, 118, 171, 170, 203, 202, 202, 202, 205, 204,
 1024.0K, 105, 105, 123, 107, 119, 173, 173, 205, 206, 205, 205, 205, 205,
 2048.0K, 107, 108, 123, 109, 121, 175, 174, 207, 208, 206, 207, 207, 207,
 4096.0K, 108, 108, 124, 110, 122, 175, 175, 208, 208, 208, 208, 208, 208,
 8192.0K, 108, 108, 124, 110, 122, 175, 175, 208, 208, 208, 208, 208, 208,
16384.0K, 108, 108, 124, 110, 122, 175, 176, 208, 208, 208, 208, 208, 208,
*** CacheLine Backward Read Latency ***
Distance,   8,  16,  24,  32,  48,  64,  96, 128, 160, 192, 224, 256, 288,
    8.0K,   3,   3,   3,   3,   3,   3,   3,   3,   3,   3,   3,
   16.0K,   3,   3,   3,   3,   3,   3,   3,   3,   3,   3,   3,   3,
   32.0K,   3,   3,   3,   3,   3,   3,   3,   3,   3,   3,   3,   3,   3,
   64.0K,   3,   3,   3,   3,   3,   3,   3,   3,   3,   3,   3,   3,   3,
  128.0K,   7,   7,   7,   7,   7,  20,  20,  20,  20,  20,  20,  20,  20,
  256.0K,   7,   7,   7,   7,   7,  20,  20,  20,  20,  20,  20,  20,  20,
  512.0K,  93,  93, 120, 106, 107, 165, 163, 203, 203, 203, 204, 202, 202,
 1024.0K,  94,  94, 123, 106, 107, 166, 166, 205, 205, 205, 205, 205, 205,
 2048.0K,  96,  96, 124, 109, 109, 168, 167, 206, 207, 207, 206, 207, 206,
 4096.0K,  96,  96, 123, 109, 110, 168, 168, 208, 207, 207, 208, 207, 207,
 8192.0K,  97,  97, 124, 110, 110, 168, 168, 208, 208, 208, 208, 208, 207,
16384.0K,  97,  97, 124, 110, 110, 168, 168, 208, 208, 208, 207, 208, 208,
BenchMemLat exit code: 0x0100
L1D cacheline size: 64 bytes      [Mode:6 Size:   128K, Stride:   512, #NOP:  0, UnRoll:64]
L2  cacheline size:128 bytes      [Mode:6 Size:   512K, Stride:   512, #NOP:  0, UnRoll:64]
Mem latency: 113.761ns( 204 clks) [Mode:1 Size: 16384K, Stride:  1024, #NOP: 50, UnRoll:64]
L1D latency:   1.652ns(   3 clks) [Mode:1 Size:    64K, Stride:    64, #NOP:  0, UnRoll:64]
L2  latency:   6.164ns(  11 clks) [Mode:1 Size:   256K, Stride:    64, #NOP: 25, UnRoll:64]
Running time:    177 seconds.
