Copyright (C) 2003, 2009 Lavalys Consulting Group, Inc. All rights reserved.
everest_bench.dll build: 2.4.265.0 Aug  7 2009 15:26:49
CPUCount: 1, procMask: 0x00000001 Size of Memory: 1047856KB Priority:080
CPU#00 Vendor: AuthenticAMD CoreType:0x10000f4a
CPU#00 Family: f Modell: 04 Stepping: a Type: "AMD Athlon(tm) 64 Processor 2800+"
CPU#00 Features: TSC, FPU, CMOV, MMX, MMX+, 3DNow!, 3DNow!+, SSE, SSE2, CMPXCHG8B
CPU#00 Frequency: 1808.49MHz  OS:5.1.2600 Szervizcsomag 3
CPU#00 AffMask:0x00000001 APIC_ID:0x00000000 Phys_ID:000 Core_ID:00 SMT_ID:00 PhysMask:0x00000001 
CPU#00 L1I cache:    64KB,   64 byte cache line,  2 way, SMask:00000001
CPU#00 L1D cache:    64KB,   64 byte cache line,  2 way, SMask:00000001
CPU#00 L2  cache:   512KB,   64 byte cache line, 16 way, SMask:00000001, exclusive
CPU#00 AffMask:0x00000001 APIC_ID:0x00000000 Phys_ID:000 Core_ID:00 SMT_ID:00 PhysMask:0x00000001 
Memory Latency ProcMask:0x00000001 #NOP:0
*** Linear Read Latency ***
Stride,     4,   8,  16,  32,  64, 128, 256, 512,  1K,  2K,  4K,  8K, 16K,
   0.25K,   3,   3,   3,   3,   3,   3,
   0.50K,   3,   3,   3,   3,   3,   3,   3,
    1.0K,   3,   3,   3,   3,   3,   3,   3,   3,
    2.0K,   3,   3,   3,   3,   3,   3,   3,   3,   3,
    4.0K,   3,   3,   3,   3,   3,   3,   3,   3,   3,   3,
    8.0K,   3,   3,   3,   3,   3,   3,   3,   3,   3,   3,   3,
   16.0K,   3,   3,   3,   3,   3,   3,   3,   3,   3,   3,   3,   3,
   32.0K,   3,   3,   3,   3,   3,   3,   3,   3,   3,   3,   3,   3,   3,
   64.0K,   3,   3,   3,   3,   3,   3,   3,   3,   3,   3,   3,   3,   3,
  128.0K,   4,   4,   5,  16,  17,  16,  14,  16,  15,  15,  20,  20,  20,
  256.0K,   4,   4,   5,  17,  17,  12,  13,  13,  14,  17,  19,  21,  21,
  512.0K,   4,   4,   5,  17,  17,  12,  13,  13,  14,  17,  19,  19,  21,
 1024.0K,   4,   8,  14,  29,  53,  96, 100, 109, 125, 132, 137,  19,  19,
 2048.0K,   4,   8,  14,  29,  53,  96, 101, 109, 125, 133, 137, 137,  19,
 4096.0K,   4,   8,  15,  29,  54,  97, 101, 110, 128, 140, 148, 148, 149,
 8192.0K,   4,   8,  15,  29,  54,  97, 102, 111, 128, 141, 151, 152, 153,
16384.0K,   4,   8,  15,  29,  54,  97, 102, 111, 129, 142, 154, 154, 155,
*** Backward Read Latency ***
Stride,     4,   8,  16,  32,  64, 128, 256, 512,  1K,  2K,  4K,  8K, 16K,
   0.25K,   3,   3,   3,   3,   3,   3,
   0.50K,   3,   3,   3,   3,   3,   3,   3,
    1.0K,   3,   3,   3,   3,   3,   3,   3,   3,
    2.0K,   3,   3,   3,   3,   3,   3,   3,   3,   3,
    4.0K,   3,   3,   3,   3,   3,   3,   3,   3,   3,   3,
    8.0K,   3,   3,   3,   3,   3,   3,   3,   3,   3,   3,   3,
   16.0K,   3,   3,   3,   3,   3,   3,   3,   3,   3,   3,   3,   3,
   32.0K,   3,   3,   3,   3,   3,   3,   3,   3,   3,   3,   3,   3,   3,
   64.0K,   3,   3,   3,   3,   3,   3,   3,   3,   3,   3,   3,   3,   3,
  128.0K,   4,   6,   8,  16,  17,  15,  16,  16,  15,  15,  20,  21,  20,
  256.0K,   4,   6,   8,  17,  17,  12,  13,  13,  14,  17,  19,  21,  20,
  512.0K,   4,   6,   8,  17,  17,  12,  13,  13,  14,  17,  19,  19,  21,
 1024.0K,   5,   8,  15,  29,  53,  96, 100, 109, 125, 133, 136,  19,  19,
 2048.0K,   5,   8,  15,  29,  53,  96, 100, 109, 125, 133, 137, 136,  19,
 4096.0K,   5,   8,  15,  29,  54,  97, 101, 110, 128, 139, 147, 149, 148,
 8192.0K,   5,   8,  15,  29,  54,  97, 102, 111, 128, 141, 152, 153, 153,
16384.0K,   5,   8,  15,  29,  54,  97, 102, 111, 129, 142, 154, 154, 155,
*** BlockRandom Read Latency ***
Block,      8,  16,  32,  64, 128, 256, 512,  1K,  2K,  4K,  8K, 16K,
   0.50K,   3,
    1.0K,   3,   3,
    2.0K,   3,   3,   3,
    4.0K,   3,   3,   3,   3,
    8.0K,   3,   3,   3,   3,   3,
   16.0K,   3,   3,   3,   3,   3,   3,
   32.0K,   3,   3,   3,   3,   3,   3,   3,
   64.0K,   3,   3,   3,   3,   3,   3,   3,   3,
  128.0K,  17,  17,  17,  17,  17,  16,  15,  14,  13,
  256.0K,  17,  17,  17,  16,  17,  16,  15,  14,  13,  17,
  512.0K,  17,  17,  17,  16,  17,  16,  15,  14,  13,  17,  18,
 1024.0K,  80,  80,  81,  82,  86, 113, 119, 129, 129, 133, 135, 136,
 2048.0K,  80,  80,  81,  82,  86, 102, 118, 128, 129, 133, 135, 136,
 4096.0K,  80,  81,  82,  83, 101, 106, 117, 129, 129, 133, 135, 137,
 8192.0K,  81,  81,  82,  83,  99, 109, 118, 129, 129, 133, 136, 137,
16384.0K,  82,  83,  82,  84, 100, 110, 120, 131, 131, 135, 139, 140,
*** Random Read Latency ***
Stride,     4,   8,  16,  32,  64, 128, 256, 512,  1K,  2K,  4K,  8K, 16K,
   0.25K,   3,   3,   3,   3,   3,   3,
   0.50K,   3,   3,   3,   3,   3,   3,   3,
    1.0K,   3,   3,   3,   3,   3,   3,   3,   3,
    2.0K,   3,   3,   3,   3,   3,   3,   3,   3,   3,
    4.0K,   3,   3,   3,   3,   3,   3,   3,   3,   3,   3,
    8.0K,   3,   3,   3,   3,   3,   3,   3,   3,   3,   3,   3,
   16.0K,   3,   3,   3,   3,   3,   3,   3,   3,   3,   3,   3,   3,
   32.0K,   3,   3,   3,   3,   3,   3,   3,   3,   3,   3,   3,   3,   3,
   64.0K,   3,   3,   3,   3,   3,   3,   3,   3,   3,   3,   3,   3,   3,
  128.0K,   9,  10,  10,  12,  13,  13,  13,  13,  15,  17,  23,  23,  24,
  256.0K,  15,  15,  15,  15,  17,  17,  17,  18,  18,  20,  20,  23,  23,
  512.0K,  17,  17,  17,  17,  18,  19,  19,  19,  19,  20,  20,  20,  23,
 1024.0K,  72,  75,  81,  95, 136, 136, 136, 137, 137, 139, 141,  20,  21,
 2048.0K, 107, 109, 111, 118, 137, 137, 137, 137, 138, 139, 142, 146,  21,
 4096.0K, 133, 134, 135, 137, 146, 146, 146, 147, 148, 151, 156, 157, 162,
 8192.0K, 146, 146, 147, 148, 154, 151, 151, 152, 154, 156, 159, 161, 165,
16384.0K, 152, 153, 153, 154, 155, 153, 154, 156, 158, 158, 159, 161, 166,
*** CacheLine Forward Read Latency ***
Distance,   8,  16,  24,  32,  48,  64,  96, 128, 160, 192, 224, 256, 288,
    8.0K,   3,   3,   3,   3,   3,   3,   3,   3,   3,   3,   3,
   16.0K,   3,   3,   3,   3,   3,   3,   3,   3,   3,   3,   3,   3,
   32.0K,   3,   3,   3,   3,   3,   3,   3,   3,   3,   3,   3,   3,   3,
   64.0K,   3,   3,   3,   3,   3,   3,   3,   3,   3,   3,   3,   3,   3,
  128.0K,   8,   8,   8,   8,   8,  17,  17,  17,  17,  17,  17,  17,  17,
  256.0K,   8,   8,   8,   8,   8,  17,  17,  17,  17,  17,  17,  17,  17,
  512.0K,   8,   8,   8,   8,   8,  17,  17,  17,  17,  17,  17,  17,  17,
 1024.0K,  56,  56,  56,  56,  60, 102, 102, 102, 101, 101, 101, 101, 101,
 2048.0K,  56,  56,  56,  56,  61, 102, 102, 102, 101, 102, 102, 102, 102,
 4096.0K,  56,  56,  56,  56,  61, 103, 103, 102, 102, 102, 102, 102, 102,
 8192.0K,  57,  57,  57,  57,  61, 104, 104, 102, 102, 102, 102, 102, 102,
16384.0K,  57,  57,  57,  57,  61, 104, 104, 102, 103, 103, 103, 103, 103,
*** CacheLine Backward Read Latency ***
Distance,   8,  16,  24,  32,  48,  64,  96, 128, 160, 192, 224, 256, 288,
    8.0K,   3,   3,   3,   3,   3,   3,   3,   3,   3,   3,   3,
   16.0K,   3,   3,   3,   3,   3,   3,   3,   3,   3,   3,   3,   3,
   32.0K,   3,   3,   3,   3,   3,   3,   3,   3,   3,   3,   3,   3,   3,
   64.0K,   3,   3,   3,   3,   3,   3,   3,   3,   3,   3,   3,   3,   3,
  128.0K,   8,   8,   8,   8,   8,  17,  17,  17,  17,  17,  17,  17,  17,
  256.0K,   8,   8,   8,   8,   8,  17,  17,  17,  17,  17,  17,  17,  17,
  512.0K,   8,   8,   8,   8,   8,  17,  17,  17,  17,  17,  17,  17,  17,
 1024.0K,  56,  56,  56,  56,  60, 102, 102, 102, 102, 101, 101, 101, 102,
 2048.0K,  56,  56,  56,  56,  60, 102, 102, 102, 102, 102, 102, 102, 102,
 4096.0K,  56,  56,  56,  56,  61, 103, 103, 102, 102, 102, 102, 102, 102,
 8192.0K,  57,  57,  57,  57,  61, 104, 104, 102, 103, 102, 102, 102, 103,
16384.0K,  57,  57,  57,  57,  61, 104, 104, 103, 103, 103, 103, 103, 103,
BenchMemLat exit code: 0x0100
L1D cacheline size: 64 bytes      [Mode:6 Size:   128K, Stride:   512, #NOP:  0, UnRoll:64]
L2  cacheline size: 64 bytes      [Mode:6 Size:  1024K, Stride:   512, #NOP:  0, UnRoll:64]
Mem latency:  69.877ns( 126 clks) [Mode:1 Size: 16384K, Stride:  1024, #NOP:  8, UnRoll:64]
L1D latency:   1.642ns(   3 clks) [Mode:1 Size:    64K, Stride:    64, #NOP:  0, UnRoll:64]
L2  latency:   6.679ns(  12 clks) [Mode:1 Size:   512K, Stride:    64, #NOP: 36, UnRoll:64]
Running time:    171 seconds.