Copyright (C) 2003, 2009 Lavalys Consulting Group, Inc. All rights reserved.
everest_bench.dll build: 2.4.257.0 Jan 19 2009 01:57:35
CPUCount: 1, procMask: 0x00000001 Size of Memory: 1046964KB Priority:080
CPU#00 Vendor: AuthenticAMD CoreType:0x10000f5a
CPU#00 Family: f Model: 05 Stepping: a Type: "AMD Opteron(tm) Processor 248"
CPU#00 Features: TSC, FPU, CMOV, MMX, MMX+, 3DNow!, 3DNow!+, SSE, SSE2, CMPXCHG8B
CPU#00 Frequency: 2204.83MHz  OS:5.1.2600 Service Pack 2
CPU#00 AffMask:0x00000001 APIC_ID:0x00000000 Phys_ID:000 Core_ID:00 SMT_ID:00 PhysMask:0x00000001 
CPU#00 L1I cache:    64KB,   64 byte cache line,  2 way, SMask:00000001
CPU#00 L1D cache:    64KB,   64 byte cache line,  2 way, SMask:00000001
CPU#00 L2  cache:  1024KB,   64 byte cache line, 16 way, SMask:00000001, exclusive
CPU#00 AffMask:0x00000001 APIC_ID:0x00000000 Phys_ID:000 Core_ID:00 SMT_ID:00 PhysMask:0x00000001 
Parameters: "-ph -d4094 -l "
Memory Latency ProcMask:0x00000001 #NOP:0
*** Linear Read Latency ***
Stride,     4,   8,  16,  32,  64, 128, 256, 512,  1K,  2K,  4K,  8K, 16K,
   0.25K,   3,   3,   3,   3,   3,   3,
   0.50K,   3,   3,   3,   3,   3,   3,   3,
    1.0K,   3,   3,   3,   3,   3,   3,   3,   3,
    2.0K,   3,   3,   3,   3,   3,   3,   3,   3,   3,
    4.0K,   3,   3,   3,   3,   3,   3,   3,   3,   3,   3,
    8.0K,   3,   3,   3,   3,   3,   3,   3,   3,   3,   3,   3,
   16.0K,   3,   3,   3,   3,   3,   3,   3,   3,   3,   3,   3,   3,
   32.0K,   3,   3,   3,   3,   3,   3,   3,   3,   3,   3,   3,   3,   3,
   64.0K,   3,   3,   3,   3,   3,   3,   3,   3,   3,   3,   3,   3,   3,
  128.0K,   4,   4,   5,  16,  17,  12,  12,  12,  13,  12,  20,  21,  18,
  256.0K,   4,   4,   5,  16,  17,  12,  13,  13,  14,  17,  19,  19,  19,
  512.0K,   4,   4,   5,  16,  17,  12,  13,  13,  14,  17,  19,  19,  19,
 1024.0K,   4,   4,   5,  17,  17,  12,  13,  13,  14,  17,  19,  19,  19,
 2048.0K,   5,   9,  18,  36,  64, 143, 148, 159, 181, 189, 189,  19,  20,
 4096.0K,   5,   9,  18,  36,  64, 143, 149, 160, 182, 199, 210, 209,  31,
 8192.0K,   5,   9,  18,  36,  64, 143, 149, 160, 183, 203, 217, 217, 217,
16384.0K,   5,   9,  18,  36,  64, 143, 149, 160, 183, 205, 220, 220, 220,
*** Backward Read Latency ***
Stride,     4,   8,  16,  32,  64, 128, 256, 512,  1K,  2K,  4K,  8K, 16K,
   0.25K,   3,   3,   3,   3,   3,   3,
   0.50K,   3,   3,   3,   3,   3,   3,   3,
    1.0K,   3,   3,   3,   3,   3,   3,   3,   3,
    2.0K,   3,   3,   3,   3,   3,   3,   3,   3,   3,
    4.0K,   3,   3,   3,   3,   3,   3,   3,   3,   3,   3,
    8.0K,   3,   3,   3,   3,   3,   3,   3,   3,   3,   3,   3,
   16.0K,   3,   3,   3,   3,   3,   3,   3,   3,   3,   3,   3,   3,
   32.0K,   3,   3,   3,   3,   3,   3,   3,   3,   3,   3,   3,   3,   3,
   64.0K,   3,   3,   3,   3,   3,   3,   3,   3,   3,   3,   3,   3,   3,
  128.0K,   4,   6,   8,  16,  17,  12,  12,  12,  12,  12,  19,  20,  20,
  256.0K,   4,   6,   8,  16,  17,  12,  13,  13,  14,  17,  19,  18,  20,
  512.0K,   4,   6,   8,  16,  17,  12,  13,  13,  14,  17,  19,  19,  19,
 1024.0K,   4,   6,   8,  16,  17,  12,  13,  13,  14,  17,  19,  19,  19,
 2048.0K,   5,   9,  18,  36,  64, 143, 148, 159, 181, 189, 189,  20,  20,
 4096.0K,   5,   9,  18,  36,  64, 143, 149, 160, 183, 199, 210, 210,  32,
 8192.0K,   5,   9,  19,  36,  64, 143, 149, 161, 183, 203, 217, 215, 217,
16384.0K,   5,   9,  19,  36,  64, 143, 149, 161, 183, 212, 220, 220, 220,
*** BlockRandom Read Latency ***
Block,      8,  16,  32,  64, 128, 256, 512,  1K,  2K,  4K,  8K, 16K,
   0.50K,   3,
    1.0K,   3,   3,
    2.0K,   3,   3,   3,
    4.0K,   3,   3,   3,   3,
    8.0K,   3,   3,   3,   3,   3,
   16.0K,   3,   3,   3,   3,   3,   3,
   32.0K,   3,   3,   3,   3,   3,   3,   3,
   64.0K,   3,   3,   3,   3,   3,   3,   3,   3,
  128.0K,  17,  17,  17,  17,  17,  16,  15,  13,  13,
  256.0K,  17,  17,  17,  16,  17,  16,  15,  13,  13,  17,
  512.0K,  17,  17,  17,  16,  17,  16,  14,  13,  13,  17,  18,
 1024.0K,  17,  17,  17,  16,  17,  16,  14,  13,  13,  17,  18,  19,
 2048.0K, 109, 115, 117, 120, 156, 177, 184, 186, 188, 189, 189, 189,
 4096.0K, 110, 115, 118, 121, 176, 179, 184, 186, 188, 189, 189, 190,
 8192.0K, 110, 115, 118, 121, 176, 181, 185, 187, 188, 189, 190, 190,
16384.0K, 111, 115, 119, 122, 172, 180, 185, 187, 188, 189, 190, 190,
*** Random Read Latency ***
Stride,     4,   8,  16,  32,  64, 128, 256, 512,  1K,  2K,  4K,  8K, 16K,
   0.25K,   3,   3,   3,   3,   3,   3,
   0.50K,   3,   3,   3,   3,   3,   3,   3,
    1.0K,   3,   3,   3,   3,   3,   3,   3,   3,
    2.0K,   3,   3,   3,   3,   3,   3,   3,   3,   3,
    4.0K,   3,   3,   3,   3,   3,   3,   3,   3,   3,   3,
    8.0K,   3,   3,   3,   3,   3,   3,   3,   3,   3,   3,   3,
   16.0K,   3,   3,   3,   3,   3,   3,   3,   3,   3,   3,   3,   3,
   32.0K,   3,   3,   3,   3,   3,   3,   3,   3,   3,   3,   3,   3,   3,
   64.0K,   3,   3,   3,   3,   3,   3,   3,   3,   3,   3,   3,   3,   3,
  128.0K,   9,  10,  10,  12,  13,  12,  13,  13,  14,  17,  23,  23,  23,
  256.0K,  15,  15,  15,  15,  17,  17,  17,  18,  18,  19,  20,  23,  23,
  512.0K,  17,  17,  17,  17,  18,  19,  18,  19,  19,  20,  20,  20,  23,
 1024.0K,  18,  18,  18,  19,  19,  19,  19,  19,  19,  20,  20,  20,  21,
 2048.0K, 106, 110, 118, 137, 189, 189, 189, 189, 190, 191, 194,  20,  21,
 4096.0K, 162, 165, 170, 181, 206, 206, 206, 207, 208, 211, 217, 217,  39,
 8192.0K, 192, 194, 196, 202, 214, 214, 215, 215, 216, 218, 223, 222, 223,
16384.0K, 208, 209, 210, 213, 219, 219, 219, 219, 220, 221, 224, 224, 224,
*** CacheLine Forward Read Latency ***
Distance,   8,  16,  24,  32,  48,  64,  96, 128, 160, 192, 224, 256, 288,
    8.0K,   3,   3,   3,   3,   3,   3,   3,   3,   3,   3,   3,
   16.0K,   3,   3,   3,   3,   3,   3,   3,   3,   3,   3,   3,   3,
   32.0K,   3,   3,   3,   3,   3,   3,   3,   3,   3,   3,   3,   3,   3,
   64.0K,   3,   3,   3,   3,   3,   3,   3,   3,   3,   3,   3,   3,   3,
  128.0K,   7,   7,   7,   7,   7,  17,  17,  17,  17,  17,  17,  17,  17,
  256.0K,   8,   8,   8,   8,   8,  17,  17,  17,  17,  17,  17,  17,  17,
  512.0K,   8,   8,   8,   8,   8,  17,  17,  17,  17,  17,  17,  17,  17,
 1024.0K,   8,   8,   8,   8,   8,  17,  17,  17,  17,  17,  17,  17,  17,
 2048.0K,  81,  81,  81,  81,  89, 149, 149, 149, 149, 149, 149, 149, 149,
 4096.0K,  81,  81,  81,  81,  89, 151, 151, 150, 150, 150, 150, 150, 150,
 8192.0K,  81,  81,  81,  81,  90, 152, 152, 150, 150, 150, 150, 150, 150,
16384.0K,  81,  81,  81,  81,  90, 152, 152, 150, 150, 150, 150, 150, 150,
*** CacheLine Backward Read Latency ***
Distance,   8,  16,  24,  32,  48,  64,  96, 128, 160, 192, 224, 256, 288,
    8.0K,   3,   3,   3,   3,   3,   3,   3,   3,   3,   3,   3,
   16.0K,   3,   3,   3,   3,   3,   3,   3,   3,   3,   3,   3,   3,
   32.0K,   3,   3,   3,   3,   3,   3,   3,   3,   3,   3,   3,   3,   3,
   64.0K,   3,   3,   3,   3,   3,   3,   3,   3,   3,   3,   3,   3,   3,
  128.0K,   7,   7,   7,   7,   7,  17,  17,  17,  17,  17,  17,  17,  17,
  256.0K,   8,   8,   8,   8,   8,  17,  17,  17,  17,  17,  17,  17,  17,
  512.0K,   8,   8,   8,   8,   8,  17,  17,  17,  17,  17,  17,  17,  17,
 1024.0K,   8,   8,   8,   8,   8,  17,  17,  17,  17,  17,  17,  17,  17,
 2048.0K,  81,  81,  81,  81,  89, 149, 149, 149, 149, 149, 149, 149, 149,
 4096.0K,  81,  81,  81,  81,  89, 151, 151, 150, 150, 150, 150, 150, 150,
 8192.0K,  81,  81,  81,  81,  90, 151, 152, 150, 150, 150, 150, 150, 150,
16384.0K,  81,  81,  81,  81,  90, 152, 152, 150, 150, 150, 150, 150, 150,
BenchMemLat exit code: 0x0100
L1D cacheline size: 64 bytes      [Mode:6 Size:   128K, Stride:   512, #NOP:  0, UnRoll:64]
L2  cacheline size: 64 bytes      [Mode:6 Size:  2048K, Stride:   512, #NOP:  0, UnRoll:64]
Mem latency:  80.449ns( 177 clks) [Mode:1 Size: 16384K, Stride:  1024, #NOP:107, UnRoll:64]
L1D latency:   1.347ns(   3 clks) [Mode:1 Size:    64K, Stride:    64, #NOP:  0, UnRoll:64]
L2  latency:   5.478ns(  12 clks) [Mode:1 Size:  1024K, Stride:    64, #NOP:  7, UnRoll:64]
Running time:    168 seconds.
