Copyright (C) 2003, 2009 Lavalys Consulting Group, Inc. All rights reserved.
everest_bench.dll build: 2.4.257.0 Jan 19 2009 01:57:35
CPUCount: 1, procMask: 0x00000001 Size of Memory: 261620KB Priority:080
CPU#00 Vendor: AuthenticAMD CoreType:0x10000622
CPU#00 Family: 6 Model: 02 Stepping: 2 Type: "AMD Athlon(tm) Processor"
CPU#00 Features: TSC, FPU, CMOV, MMX, MMX+, 3DNow!, 3DNow!+, CMPXCHG8B
CPU#00 Frequency:  751.67MHz  OS:5.0.2195 Service Pack 4
CPU#00 AffMask:0x00000001 APIC_ID:0x00000000 Phys_ID:000 Core_ID:00 SMT_ID:00 PhysMask:0x00000001 
CPU#00 L1I cache:    64KB,   64 byte cache line,  2 way, SMask:00000001
CPU#00 L1D cache:    64KB,   64 byte cache line,  2 way, SMask:00000001
CPU#00 L2  cache:   512KB,   64 byte cache line,  2 way, SMask:00000001
CPU#00 AffMask:0x00000001 APIC_ID:0x00000000 Phys_ID:000 Core_ID:00 SMT_ID:00 PhysMask:0x00000001 
Parameters: "-ph -d4094 -l "
Memory Latency ProcMask:0x00000001 #NOP:0
*** Linear Read Latency ***
Stride,     4,   8,  16,  32,  64, 128, 256, 512,  1K,  2K,  4K,  8K, 16K,
   0.25K,   3,   3,   3,   3,   3,   3,
   0.50K,   3,   3,   3,   3,   3,   3,   3,
    1.0K,   3,   3,   3,   3,   3,   3,   3,   3,
    2.0K,   3,   3,   3,   3,   3,   3,   3,   3,   3,
    4.0K,   3,   3,   3,   3,   3,   3,   3,   3,   3,   3,
    8.0K,   3,   3,   3,   3,   3,   3,   3,   3,   3,   3,   3,
   16.0K,   3,   3,   3,   3,   3,   3,   3,   3,   3,   3,   3,   3,
   32.0K,   3,   3,   3,   3,   3,   3,   3,   3,   3,   3,   3,   3,   3,
   64.0K,   3,   3,   3,   3,   3,   3,   3,   3,   3,   3,   3,   3,   3,
  128.0K,   5,   7,  15,  19,  25,  25,  25,  26,  26,  27,  30,  26,  26,
  256.0K,   4,   7,  15,  19,  25,  25,  25,  26,  26,  27,  30,  30,  26,
  512.0K,   7,   7,  15,  19,  25,  25,  25,  28,  26,  27,  30,  30,  30,
 1024.0K,  12,  22,  41,  71, 120, 124, 115, 119, 121, 156, 140,  36,  30,
 2048.0K,  13,  24,  45,  78, 135, 136, 136, 147, 155, 182, 195, 164,  58,
 4096.0K,  13,  24,  45,  83, 134, 138, 142, 148, 163, 189, 205, 188, 172,
 8192.0K,  13,  25,  45,  83, 138, 140, 144, 152, 168, 191, 208, 200, 192,
16384.0K,  13,  25,  46,  84, 138, 140, 144, 152, 168, 191, 209, 209, 210,
*** Backward Read Latency ***
Stride,     4,   8,  16,  32,  64, 128, 256, 512,  1K,  2K,  4K,  8K, 16K,
   0.25K,   3,   3,   3,   3,   3,   3,
   0.50K,   3,   3,   3,   3,   3,   3,   3,
    1.0K,   3,   3,   3,   3,   3,   3,   3,   3,
    2.0K,   3,   3,   3,   3,   3,   3,   3,   3,   3,
    4.0K,   3,   3,   3,   3,   3,   3,   3,   3,   3,   3,
    8.0K,   3,   3,   3,   3,   3,   3,   3,   3,   3,   3,   3,
   16.0K,   3,   3,   3,   3,   3,   3,   3,   3,   3,   3,   3,   3,
   32.0K,   3,   3,   3,   3,   3,   3,   3,   3,   3,   3,   3,   3,   3,
   64.0K,   3,   3,   3,   3,   3,   3,   3,   3,   3,   3,   3,   3,   3,
  128.0K,   4,   7,  15,  19,  25,  25,  25,  26,  26,  27,  30,  26,  26,
  256.0K,   4,   7,  15,  19,  25,  25,  25,  26,  26,  27,  30,  30,  26,
  512.0K,   7,   7,  15,  19,  25,  25,  25,  26,  26,  28,  30,  30,  30,
 1024.0K,  12,  21,  40,  68, 121, 117, 122, 129, 127, 147, 145,  34,  30,
 2048.0K,  13,  22,  43,  82, 126, 134, 136, 144, 152, 181, 193, 169,  56,
 4096.0K,  13,  23,  46,  82, 133, 139, 142, 151, 165, 186, 200, 190, 157,
 8192.0K,  13,  23,  46,  84, 138, 138, 142, 151, 168, 191, 207, 199, 191,
16384.0K,  13,  23,  46,  84, 138, 140, 144, 152, 168, 191, 209, 209, 209,
*** BlockRandom Read Latency ***
Block,      8,  16,  32,  64, 128, 256, 512,  1K,  2K,  4K,  8K, 16K,
   0.50K,   3,
    1.0K,   3,   3,
    2.0K,   3,   3,   3,
    4.0K,   3,   3,   3,   3,
    8.0K,   3,   3,   3,   3,   3,
   16.0K,   3,   3,   3,   3,   3,   3,
   32.0K,   3,   3,   3,   3,   3,   3,   3,
   64.0K,   3,   3,   3,   3,   3,   3,   3,   3,
  128.0K,  25,  25,  25,  25,  25,  25,  25,  25,  26,
  256.0K,  25,  25,  25,  25,  25,  25,  25,  25,  26,  28,
  512.0K,  25,  28,  26,  25,  28,  28,  25,  25,  29,  31,  29,
 1024.0K, 121, 121, 121, 136, 145, 151, 153, 153, 155, 157, 154, 154,
 2048.0K, 136, 136, 137, 157, 168, 173, 176, 177, 178, 178, 178, 179,
 4096.0K, 138, 138, 138, 159, 169, 175, 177, 179, 180, 180, 180, 181,
 8192.0K, 138, 138, 138, 159, 170, 175, 178, 179, 180, 180, 180, 181,
16384.0K, 138, 138, 138, 159, 170, 175, 178, 179, 180, 180, 180, 181,
*** Random Read Latency ***
Stride,     4,   8,  16,  32,  64, 128, 256, 512,  1K,  2K,  4K,  8K, 16K,
   0.25K,   3,   3,   3,   3,   3,   3,
   0.50K,   3,   3,   3,   3,   3,   3,   3,
    1.0K,   3,   3,   3,   3,   3,   3,   3,   3,
    2.0K,   3,   3,   3,   3,   3,   3,   3,   3,   3,
    4.0K,   3,   3,   3,   3,   3,   3,   3,   3,   3,   3,
    8.0K,   3,   3,   3,   3,   3,   3,   3,   3,   3,   3,   3,
   16.0K,   3,   3,   3,   3,   3,   3,   3,   3,   3,   3,   3,   3,
   32.0K,   3,   3,   3,   3,   3,   3,   3,   3,   3,   3,   3,   3,   3,
   64.0K,   3,   3,   3,   3,   3,   3,   3,   3,   3,   3,   3,   3,   3,
  128.0K,  16,  16,  17,  20,  26,  26,  27,  26,  26,  29,  32,  30,  38,
  256.0K,  23,  23,  24,  25,  28,  28,  28,  28,  29,  30,  32,  34,  38,
  512.0K,  27,  27,  28,  28,  32,  30,  33,  29,  30,  31,  32,  33,  37,
 1024.0K, 106, 107, 112, 123, 154, 154, 153, 154, 153, 156, 156,  35,  40,
 2048.0K, 163, 164, 164, 172, 191, 191, 191, 192, 193, 196, 203, 184,  67,
 4096.0K, 191, 192, 189, 193, 202, 202, 202, 203, 204, 206, 210, 205, 186,
 8192.0K, 205, 206, 202, 204, 208, 208, 208, 208, 208, 210, 212, 212, 209,
16384.0K, 221, 221, 218, 219, 221, 221, 221, 220, 221, 220, 220, 221, 220,
*** CacheLine Forward Read Latency ***
Distance,   8,  16,  24,  32,  48,  64,  96, 128, 160, 192, 224, 256, 288,
    8.0K,   3,   3,   3,   3,   3,   3,   3,   3,   3,   3,   3,
   16.0K,   3,   3,   3,   3,   3,   3,   3,   3,   3,   3,   3,   3,
   32.0K,   3,   3,   3,   3,   3,   3,   3,   3,   3,   3,   3,   3,   3,
   64.0K,   3,   3,   3,   3,   3,   3,   3,   3,   3,   3,   3,   3,   3,
  128.0K,  14,  14,  14,  14,  14,  24,  24,  24,  24,  24,  24,  24,  24,
  256.0K,  14,  14,  14,  14,  14,  24,  24,  24,  24,  24,  24,  24,  24,
  512.0K,  17,  14,  14,  16,  14,  25,  24,  25,  25,  27,  25,  24,  24,
 1024.0K,  59,  57,  60,  62,  67, 109, 120, 116, 103, 122, 100, 116, 119,
 2048.0K,  71,  71,  72,  82,  79, 140, 138, 135, 135, 133, 137, 139, 136,
 4096.0K,  73,  73,  72,  86,  80, 141, 142, 140, 138, 139, 141, 141, 141,
 8192.0K,  74,  74,  74,  88,  81, 142, 142, 142, 141, 142, 142, 142, 142,
16384.0K,  74,  74,  74,  88,  82, 142, 142, 142, 142, 142, 142, 142, 142,
*** CacheLine Backward Read Latency ***
Distance,   8,  16,  24,  32,  48,  64,  96, 128, 160, 192, 224, 256, 288,
    8.0K,   3,   3,   3,   3,   3,   3,   3,   3,   3,   3,   3,
   16.0K,   3,   3,   3,   3,   3,   3,   3,   3,   3,   3,   3,   3,
   32.0K,   3,   3,   3,   3,   3,   3,   3,   3,   3,   3,   3,   3,   3,
   64.0K,   3,   3,   3,   3,   3,   3,   3,   3,   3,   3,   3,   3,   3,
  128.0K,  14,  14,  14,  14,  14,  24,  24,  24,  24,  24,  24,  24,  24,
  256.0K,  14,  14,  14,  14,  14,  24,  24,  24,  24,  24,  24,  24,  24,
  512.0K,  14,  14,  15,  14,  14,  25,  25,  25,  25,  25,  25,  25,  25,
 1024.0K,  62,  58,  60,  70,  66, 116, 112, 108, 121, 116, 117, 123, 126,
 2048.0K,  70,  71,  69,  82,  78, 135, 139, 136, 138, 136, 134, 133, 137,
 4096.0K,  72,  73,  73,  86,  81, 138, 139, 140, 140, 139, 139, 140, 141,
 8192.0K,  74,  74,  74,  88,  82, 141, 141, 142, 142, 142, 142, 141, 140,
16384.0K,  74,  74,  74,  89,  83, 142, 142, 142, 142, 142, 142, 142, 142,
BenchMemLat exit code: 0x0100
L1D cacheline size: 64 bytes      [Mode:6 Size:   128K, Stride:   512, #NOP:  0, UnRoll:64]
L2  cacheline size: 64 bytes      [Mode:6 Size:  1024K, Stride:   512, #NOP:  0, UnRoll:64]
Mem latency: 207.208ns( 156 clks) [Mode:1 Size: 16384K, Stride:  1024, #NOP:126, UnRoll:64]
L1D latency:   3.950ns(   3 clks) [Mode:1 Size:    64K, Stride:    64, #NOP:  0, UnRoll:64]
L2  latency:  32.093ns(  24 clks) [Mode:1 Size:   512K, Stride:    64, #NOP: 21, UnRoll:64]
Running time:    467 seconds.
