Copyright (C) 2003, 2009 Lavalys Consulting Group, Inc. All rights reserved.
everest_bench.dll build: 2.4.257.0 Jan 19 2009 01:57:35
CPUCount: 1, procMask: 0x00000001 Size of Memory: 1047792KB Priority:080
CPU#00 Vendor: AuthenticAMD CoreType:0x10020ff0
CPU#00 Family: f Modell: 2f Stepping: 0 Type: "AMD Athlon(tm) 64 Processor 3200+"
CPU#00 Features: TSC, FPU, CMOV, MMX, MMX+, 3DNow!, 3DNow!+, SSE, SSE2, SSE3, CMPXCHG8B
CPU#00 Frequency: 1999.93MHz  OS:5.1.2600 Service Pack 2
CPU#00 AffMask:0x00000001 APIC_ID:0x00000000 Phys_ID:000 Core_ID:00 SMT_ID:00 PhysMask:0x00000001 
CPU#00 L1I cache:    64KB,   64 byte cache line,  2 way, SMask:00000001
CPU#00 L1D cache:    64KB,   64 byte cache line,  2 way, SMask:00000001
CPU#00 L2  cache:   512KB,   64 byte cache line, 16 way, SMask:00000001, exclusive
CPU#00 AffMask:0x00000001 APIC_ID:0x00000000 Phys_ID:000 Core_ID:00 SMT_ID:00 PhysMask:0x00000001 
Parameters: "-ph -d4094 -l "
Memory Latency ProcMask:0x00000001 #NOP:0
*** Linear Read Latency ***
Stride,     4,   8,  16,  32,  64, 128, 256, 512,  1K,  2K,  4K,  8K, 16K,
   0.25K,   3,   3,   3,   3,   3,   3,
   0.50K,   3,   3,   3,   3,   3,   3,   3,
    1.0K,   3,   3,   3,   3,   3,   3,   3,   3,
    2.0K,   3,   3,   3,   3,   3,   3,   3,   3,   3,
    4.0K,   3,   3,   3,   3,   3,   3,   3,   3,   3,   3,
    8.0K,   3,   3,   3,   3,   3,   3,   3,   3,   3,   3,   3,
   16.0K,   3,   3,   3,   3,   3,   3,   3,   3,   3,   3,   3,   3,
   32.0K,   3,   3,   3,   3,   3,   3,   3,   3,   3,   3,   3,   3,   3,
   64.0K,   3,   3,   3,   3,   3,   3,   3,   3,   3,   3,   3,   3,   3,
  128.0K,   4,   4,   5,  16,  17,  12,  12,  12,  12,  12,  19,  18,  18,
  256.0K,   4,   4,   5,  16,  17,  12,  13,  13,  14,  17,  19,  18,  18,
  512.0K,   4,   4,   5,  17,  17,  12,  13,  13,  14,  17,  19,  19,  18,
 1024.0K,   4,   7,  12,  26,  46, 101, 103, 106, 112, 127, 131,  19,  19,
 2048.0K,   4,   7,  12,  26,  46, 102, 103, 106, 113, 126, 137, 132,  20,
 4096.0K,   4,   7,  12,  26,  47, 102, 104, 107, 114, 127, 147, 143, 144,
 8192.0K,   4,   7,  12,  26,  47, 102, 104, 107, 114, 127, 147, 147, 148,
16384.0K,   4,   7,  12,  26,  47, 102, 104, 108, 114, 130, 155, 151, 151,
*** Backward Read Latency ***
Stride,     4,   8,  16,  32,  64, 128, 256, 512,  1K,  2K,  4K,  8K, 16K,
   0.25K,   3,   3,   3,   3,   3,   3,
   0.50K,   3,   3,   3,   3,   3,   3,   3,
    1.0K,   3,   3,   3,   3,   3,   3,   3,   3,
    2.0K,   3,   3,   3,   3,   3,   3,   3,   3,   3,
    4.0K,   3,   3,   3,   3,   3,   3,   3,   3,   3,   3,
    8.0K,   3,   3,   3,   3,   3,   3,   3,   3,   3,   3,   3,
   16.0K,   3,   3,   3,   3,   3,   3,   3,   3,   3,   3,   3,   3,
   32.0K,   3,   3,   3,   3,   3,   3,   3,   3,   3,   3,   3,   3,   3,
   64.0K,   3,   3,   3,   3,   3,   3,   3,   3,   3,   3,   3,   3,   3,
  128.0K,   4,   6,   8,  16,  17,  12,  12,  12,  12,  12,  18,  18,  18,
  256.0K,   4,   6,   8,  16,  17,  12,  13,  13,  14,  17,  19,  18,  18,
  512.0K,   4,   6,   8,  17,  17,  12,  13,  13,  14,  17,  19,  19,  18,
 1024.0K,   5,   7,  13,  27,  47, 101, 103, 106, 114, 129, 134,  19,  19,
 2048.0K,   5,   7,  13,  26,  47, 101, 103, 106, 113, 126, 137, 140,  20,
 4096.0K,   5,   7,  14,  27,  47, 102, 103, 107, 113, 126, 147, 150, 148,
 8192.0K,   5,   7,  14,  27,  47, 102, 104, 107, 114, 127, 150, 149, 149,
16384.0K,   5,   7,  14,  27,  47, 102, 104, 108, 115, 127, 153, 155, 155,
*** BlockRandom Read Latency ***
Block,      8,  16,  32,  64, 128, 256, 512,  1K,  2K,  4K,  8K, 16K,
   0.50K,   3,
    1.0K,   3,   3,
    2.0K,   3,   3,   3,
    4.0K,   3,   3,   3,   3,
    8.0K,   3,   3,   3,   3,   3,
   16.0K,   3,   3,   3,   3,   3,   3,
   32.0K,   3,   3,   3,   3,   3,   3,   3,
   64.0K,   3,   3,   3,   3,   3,   3,   3,   3,
  128.0K,  19,  18,  18,  18,  16,  15,  13,  13,  13,
  256.0K,  19,  18,  18,  17,  16,  15,  14,  13,  13,  17,
  512.0K,  19,  18,  18,  17,  16,  15,  14,  13,  13,  17,  18,
 1024.0K,  67,  70,  73,  75,  89, 109, 116, 129, 135, 138, 141, 142,
 2048.0K,  67,  70,  73,  75,  91, 101, 117, 129, 136, 139, 142, 142,
 4096.0K,  67,  71,  73,  75,  88, 110, 118, 130, 136, 138, 142, 143,
 8192.0K,  67,  71,  73,  75,  86, 100, 117, 130, 136, 138, 142, 143,
16384.0K,  67,  71,  73,  76,  88, 105, 118, 130, 136, 138, 142, 143,
*** Random Read Latency ***
Stride,     4,   8,  16,  32,  64, 128, 256, 512,  1K,  2K,  4K,  8K, 16K,
   0.25K,   3,   3,   3,   3,   3,   3,
   0.50K,   3,   3,   3,   3,   3,   3,   3,
    1.0K,   3,   3,   3,   3,   3,   3,   3,   3,
    2.0K,   3,   3,   3,   3,   3,   3,   3,   3,   3,
    4.0K,   3,   3,   3,   3,   3,   3,   3,   3,   3,   3,
    8.0K,   3,   3,   3,   3,   3,   3,   3,   3,   3,   3,   3,
   16.0K,   3,   3,   3,   3,   3,   3,   3,   3,   3,   3,   3,   3,
   32.0K,   3,   3,   3,   3,   3,   3,   3,   3,   3,   3,   3,   3,   3,
   64.0K,   3,   3,   3,   3,   3,   3,   3,   3,   3,   3,   3,   3,   3,
  128.0K,   9,  10,  10,  12,  13,  12,  13,  13,  15,  17,  23,  23,  23,
  256.0K,  15,  15,  15,  15,  17,  17,  17,  18,  18,  20,  20,  23,  23,
  512.0K,  17,  17,  17,  17,  18,  19,  18,  19,  19,  20,  20,  20,  23,
 1024.0K,  73,  75,  82,  97, 142, 142, 143, 141, 133, 134, 133,  20,  21,
 2048.0K, 107, 109, 113, 122, 142, 142, 142, 142, 141, 136, 136, 142,  21,
 4096.0K, 131, 132, 134, 138, 147, 147, 147, 147, 146, 145, 149, 151, 151,
 8192.0K, 142, 143, 143, 146, 150, 150, 150, 149, 151, 151, 154, 154, 157,
16384.0K, 147, 148, 148, 149, 151, 151, 151, 151, 153, 153, 157, 156, 159,
*** CacheLine Forward Read Latency ***
Distance,   8,  16,  24,  32,  48,  64,  96, 128, 160, 192, 224, 256, 288,
    8.0K,   3,   3,   3,   3,   3,   3,   3,   3,   3,   3,   3,
   16.0K,   3,   3,   3,   3,   3,   3,   3,   3,   3,   3,   3,   3,
   32.0K,   3,   3,   3,   3,   3,   3,   3,   3,   3,   3,   3,   3,   3,
   64.0K,   3,   3,   3,   3,   3,   3,   3,   3,   3,   3,   3,   3,   3,
  128.0K,   8,   8,   7,   7,   7,  17,  17,  17,  17,  17,  17,  17,  17,
  256.0K,   8,   8,   8,   8,   8,  17,  17,  17,  17,  17,  17,  17,  17,
  512.0K,   8,   8,   8,   8,   8,  17,  17,  17,  17,  17,  17,  17,  17,
 1024.0K,  52,  52,  52,  52,  52,  97,  97,  98,  98,  97,  98,  98,  98,
 2048.0K,  52,  52,  52,  52,  52,  98,  98,  98,  97,  98,  98,  98,  98,
 4096.0K,  53,  53,  53,  53,  53,  99,  99,  98,  98,  98,  98,  98,  98,
 8192.0K,  53,  53,  53,  53,  53,  99,  99,  98,  99,  99,  98,  98,  99,
16384.0K,  53,  53,  53,  53,  53,  99,  99,  99,  99,  99,  99,  99,  99,
*** CacheLine Backward Read Latency ***
Distance,   8,  16,  24,  32,  48,  64,  96, 128, 160, 192, 224, 256, 288,
    8.0K,   3,   3,   3,   3,   3,   3,   3,   3,   3,   3,   3,
   16.0K,   3,   3,   3,   3,   3,   3,   3,   3,   3,   3,   3,   3,
   32.0K,   3,   3,   3,   3,   3,   3,   3,   3,   3,   3,   3,   3,   3,
   64.0K,   3,   3,   3,   3,   3,   3,   3,   3,   3,   3,   3,   3,   3,
  128.0K,   7,   7,   7,   7,   8,  17,  17,  17,  17,  17,  17,  17,  17,
  256.0K,   8,   8,   8,   8,   8,  17,  17,  17,  17,  17,  17,  17,  17,
  512.0K,   8,   8,   8,   8,   8,  17,  17,  17,  17,  17,  17,  17,  17,
 1024.0K,  52,  52,  52,  52,  52,  97,  97,  98,  98,  98,  98,  98,  98,
 2048.0K,  52,  52,  52,  52,  52,  98,  98,  98,  98,  98,  98,  98,  98,
 4096.0K,  53,  53,  53,  53,  53,  98,  99,  98,  98,  98,  98,  98,  98,
 8192.0K,  53,  53,  53,  53,  53,  99,  99,  99,  99,  98,  99,  98,  98,
16384.0K,  53,  53,  53,  53,  53,  99,  99,  99,  99,  99,  99,  99,  99,
BenchMemLat exit code: 0x0100
L1D cacheline size: 64 bytes      [Mode:6 Size:   128K, Stride:   512, #NOP:  0, UnRoll:64]
L2  cacheline size: 64 bytes      [Mode:6 Size:  1024K, Stride:   512, #NOP:  0, UnRoll:64]
Mem latency:  55.388ns( 111 clks) [Mode:1 Size: 16384K, Stride:  1024, #NOP: 26, UnRoll:64]
L1D latency:   1.485ns(   3 clks) [Mode:1 Size:    64K, Stride:    64, #NOP:  0, UnRoll:64]
L2  latency:   6.039ns(  12 clks) [Mode:1 Size:   512K, Stride:    64, #NOP: 21, UnRoll:64]
Running time:    117 seconds.
