Copyright (C) 2003, 2009 Lavalys Consulting Group, Inc. All rights reserved.
everest_bench.dll build: 2.4.257.0 Jan 19 2009 01:57:35
CPUCount: 1, procMask: 0x00000001 Size of Memory: 253428KB Priority:080
CPU#00 Vendor: AuthenticAMD CoreType:0x10000662
CPU#00 Family: 6 Model: 06 Stepping: 2 Type: "Athlon XP (Palomin?00+"
CPU#00 Features: TSC, FPU, CMOV, MMX, MMX+, 3DNow!, 3DNow!+, SSE, CMPXCHG8B
CPU#00 Frequency: 1396.32MHz  OS:5.0.2195 Service Pack 4
CPU#00 AffMask:0x00000001 APIC_ID:0x00000000 Phys_ID:000 Core_ID:00 SMT_ID:00 PhysMask:0x00000001 
CPU#00 L1I cache:    64KB,   64 byte cache line,  2 way, SMask:00000001
CPU#00 L1D cache:    64KB,   64 byte cache line,  2 way, SMask:00000001
CPU#00 L2  cache:   256KB,   64 byte cache line, 16 way, SMask:00000001, exclusive
CPU#00 AffMask:0x00000001 APIC_ID:0x00000000 Phys_ID:000 Core_ID:00 SMT_ID:00 PhysMask:0x00000001 
Parameters: "-ph -d4094 -l "
Memory Latency ProcMask:0x00000001 #NOP:0
*** Linear Read Latency ***
Stride,     4,   8,  16,  32,  64, 128, 256, 512,  1K,  2K,  4K,  8K, 16K,
   0.25K,   3,   3,   3,   3,   3,   3,
   0.50K,   3,   3,   3,   3,   3,   3,   3,
    1.0K,   3,   3,   3,   3,   3,   3,   3,   3,
    2.0K,   3,   3,   3,   3,   3,   3,   3,   3,   3,
    4.0K,   3,   3,   3,   3,   3,   3,   3,   3,   3,   3,
    8.0K,   3,   3,   3,   3,   3,   3,   3,   3,   3,   3,   3,
   16.0K,   3,   3,   3,   3,   3,   3,   3,   3,   3,   3,   3,   3,
   32.0K,   3,   3,   3,   3,   3,   3,   3,   3,   3,   3,   3,   3,   3,
   64.0K,   3,   3,   3,   3,   3,   3,   3,   3,   3,   3,   3,   3,   3,
  128.0K,   3,   4,   5,  18,  24,  20,  20,  20,  20,  20,  20,  20,  20,
  256.0K,   3,   4,   5,  18,  24,  20,  20,  20,  20,  20,  20,  20,  20,
  512.0K,  14,  28,  49,  91, 191, 233, 235, 238, 246, 262, 293,  20,  20,
 1024.0K,  14,  27,  49,  92, 191, 228, 231, 239, 247, 262, 274, 293,  22,
 2048.0K,  14,  28,  50,  94, 193, 231, 230, 241, 252, 272, 312, 306, 289,
 4096.0K,  14,  28,  50,  94, 195, 233, 233, 233, 239, 275, 318, 291, 294,
 8192.0K,  14,  28,  50,  95, 195, 233, 235, 238, 247, 275, 320, 320, 318,
16384.0K,  14,  28,  50,  95, 196, 234, 236, 240, 250, 268, 321, 299, 322,
*** Backward Read Latency ***
Stride,     4,   8,  16,  32,  64, 128, 256, 512,  1K,  2K,  4K,  8K, 16K,
   0.25K,   3,   3,   3,   3,   3,   3,
   0.50K,   3,   3,   3,   3,   3,   3,   3,
    1.0K,   3,   3,   3,   3,   3,   3,   3,   3,
    2.0K,   3,   3,   3,   3,   3,   3,   3,   3,   3,
    4.0K,   3,   3,   3,   3,   3,   3,   3,   3,   3,   3,
    8.0K,   3,   3,   3,   3,   3,   3,   3,   3,   3,   3,   3,
   16.0K,   3,   3,   3,   3,   3,   3,   3,   3,   3,   3,   3,   3,
   32.0K,   3,   3,   3,   3,   3,   3,   3,   3,   3,   3,   3,   3,   3,
   64.0K,   3,   3,   3,   3,   3,   3,   3,   3,   3,   3,   3,   3,   3,
  128.0K,   4,   6,   9,  18,  20,  20,  20,  20,  20,  20,  20,  20,  20,
  256.0K,   4,   6,   9,  18,  20,  20,  20,  20,  20,  20,  20,  20,  20,
  512.0K,  18,  37,  73, 137, 224, 218, 235, 239, 226, 261, 293,  20,  19,
 1024.0K,  19,  37,  74, 139, 228, 233, 226, 239, 247, 263, 293, 293,  20,
 2048.0K,  19,  37,  75, 139, 231, 230, 233, 235, 240, 250, 312, 308, 309,
 4096.0K,  19,  38,  75, 139, 232, 232, 232, 235, 253, 274, 317, 315, 311,
 8192.0K,  19,  38,  75, 139, 232, 233, 235, 238, 251, 266, 320, 320, 317,
16384.0K,  19,  38,  75, 139, 232, 233, 236, 240, 250, 276, 321, 321, 297,
*** BlockRandom Read Latency ***
Block,      8,  16,  32,  64, 128, 256, 512,  1K,  2K,  4K,  8K, 16K,
   0.50K,   3,
    1.0K,   3,   3,
    2.0K,   3,   3,   3,
    4.0K,   3,   3,   3,   3,
    8.0K,   3,   3,   3,   3,   3,
   16.0K,   3,   3,   3,   3,   3,   3,
   32.0K,   3,   3,   3,   3,   3,   3,   3,
   64.0K,   3,   3,   3,   3,   3,   3,   3,   3,
  128.0K,  22,  21,  20,  20,  20,  20,  20,  20,  20,
  256.0K,  22,  21,  20,  20,  20,  20,  20,  20,  20,  20,
  512.0K, 185, 189, 193, 200, 208, 217, 254, 277, 290, 294, 288,
 1024.0K, 184, 192, 193, 203, 214, 222, 258, 281, 286, 293, 297, 293,
 2048.0K, 187, 192, 196, 205, 216, 225, 261, 279, 288, 293, 295, 297,
 4096.0K, 188, 194, 197, 206, 218, 227, 262, 281, 289, 294, 297, 298,
 8192.0K, 189, 194, 197, 206, 218, 227, 262, 280, 290, 294, 297, 298,
16384.0K, 189, 194, 198, 206, 218, 227, 262, 280, 290, 295, 297, 298,
*** Random Read Latency ***
Stride,     4,   8,  16,  32,  64, 128, 256, 512,  1K,  2K,  4K,  8K, 16K,
   0.25K,   3,   3,   3,   3,   3,   3,
   0.50K,   3,   3,   3,   3,   3,   3,   3,
    1.0K,   3,   3,   3,   3,   3,   3,   3,   3,
    2.0K,   3,   3,   3,   3,   3,   3,   3,   3,   3,
    4.0K,   3,   3,   3,   3,   3,   3,   3,   3,   3,   3,
    8.0K,   3,   3,   3,   3,   3,   3,   3,   3,   3,   3,   3,
   16.0K,   3,   3,   3,   3,   3,   3,   3,   3,   3,   3,   3,   3,
   32.0K,   3,   3,   3,   3,   3,   3,   3,   3,   3,   3,   3,   3,   3,
   64.0K,   3,   3,   3,   3,   3,   3,   3,   3,   3,   3,   3,   3,   3,
  128.0K,  11,  11,  12,  14,  20,  20,  20,  20,  20,  21,  22,  24,  32,
  256.0K,  16,  17,  17,  18,  20,  20,  20,  20,  20,  21,  21,  25,  31,
  512.0K, 127, 134, 145, 185, 288, 294, 296, 297, 298, 296, 299,  22,  26,
 1024.0K, 214, 218, 227, 245, 293, 291, 298, 273, 300, 302, 301, 287,  27,
 2048.0K, 269, 272, 276, 287, 308, 306, 308, 303, 312, 318, 323, 331, 337,
 4096.0K, 296, 297, 299, 304, 315, 314, 315, 308, 314, 319, 329, 331, 316,
 8192.0K, 309, 309, 311, 313, 318, 317, 317, 317, 320, 326, 330, 335, 348,
16384.0K, 321, 321, 322, 323, 325, 325, 328, 331, 331, 327, 332, 341, 324,
*** CacheLine Forward Read Latency ***
Distance,   8,  16,  24,  32,  48,  64,  96, 128, 160, 192, 224, 256, 288,
    8.0K,   3,   3,   3,   3,   3,   3,   3,   3,   3,   3,   3,
   16.0K,   3,   3,   3,   3,   3,   3,   3,   3,   3,   3,   3,   3,
   32.0K,   3,   3,   3,   3,   3,   3,   3,   3,   3,   3,   3,   3,   3,
   64.0K,   3,   3,   3,   3,   3,   3,   3,   3,   3,   3,   3,   3,   3,
  128.0K,   7,   7,   7,   7,   7,  20,  20,  20,  20,  20,  20,  20,  20,
  256.0K,   7,   7,   7,   7,   7,  20,  20,  20,  20,  20,  20,  20,  20,
  512.0K, 116, 135, 114, 127, 138, 221, 200, 214, 203, 220, 220, 217, 201,
 1024.0K, 117, 149, 123, 118, 139, 221, 215, 221, 211, 221, 210, 221, 213,
 2048.0K, 113, 145, 127, 125, 132, 214, 214, 214, 214, 213, 214, 217, 216,
 4096.0K, 114, 150, 124, 129, 136, 219, 220, 218, 218, 218, 219, 218, 218,
 8192.0K, 117, 149, 126, 127, 139, 221, 221, 220, 221, 220, 220, 221, 220,
16384.0K, 117, 150, 127, 130, 140, 223, 223, 222, 222, 222, 222, 222, 222,
*** CacheLine Backward Read Latency ***
Distance,   8,  16,  24,  32,  48,  64,  96, 128, 160, 192, 224, 256, 288,
    8.0K,   3,   3,   3,   3,   3,   3,   3,   3,   3,   3,   3,
   16.0K,   3,   3,   3,   3,   3,   3,   3,   3,   3,   3,   3,   3,
   32.0K,   3,   3,   3,   3,   3,   3,   3,   3,   3,   3,   3,   3,   3,
   64.0K,   3,   3,   3,   3,   3,   3,   3,   3,   3,   3,   3,   3,   3,
  128.0K,   7,   7,   7,   7,   7,  20,  20,  20,  20,  20,  20,  20,  20,
  256.0K,   7,   7,   7,   7,   7,  20,  20,  20,  20,  20,  20,  20,  20,
  512.0K, 117, 135, 114, 127, 138, 221, 207, 220, 210, 220, 220, 221, 200,
 1024.0K, 117, 148, 114, 128, 139, 221, 218, 216, 221, 205, 221, 207, 209,
 2048.0K, 112, 142, 128, 122, 140, 214, 221, 222, 221, 221, 215, 214, 222,
 4096.0K, 118, 147, 127, 125, 137, 219, 219, 219, 218, 218, 219, 218, 218,
 8192.0K, 116, 149, 128, 127, 139, 221, 221, 221, 221, 221, 221, 220, 220,
16384.0K, 117, 150, 128, 129, 140, 222, 223, 222, 222, 222, 222, 222, 222,
BenchMemLat exit code: 0x0100
L1D cacheline size: 64 bytes      [Mode:6 Size:   128K, Stride:   512, #NOP:  0, UnRoll:64]
L2  cacheline size: 64 bytes      [Mode:6 Size:   512K, Stride:   512, #NOP:  0, UnRoll:64]
Mem latency: 171.288ns( 239 clks) [Mode:1 Size: 16384K, Stride:  1024, #NOP: 17, UnRoll:64]
L1D latency:   2.127ns(   3 clks) [Mode:1 Size:    64K, Stride:    64, #NOP:  0, UnRoll:64]
L2  latency:   7.933ns(  11 clks) [Mode:1 Size:   256K, Stride:    64, #NOP: 25, UnRoll:64]
Running time:    308 seconds.
