Copyright (C) 2003, 2009 Lavalys Consulting Group, Inc. All rights reserved.
everest_bench.dll build: 2.4.257.0 Jan 19 2009 01:57:35
CPUCount: 1, procMask: 0x00000001 Size of Memory: 523764KB Priority:080
CPU#00 Vendor: AuthenticAMD CoreType:0x10000630
CPU#00 Family: 6 Model: 03 Stepping: 0 Type: "AMD Duron(tm) processor"
CPU#00 Features: TSC, FPU, CMOV, MMX, MMX+, 3DNow!, 3DNow!+, CMPXCHG8B
CPU#00 Frequency:  601.30MHz  OS:5.1.2600 Service Pack 2
CPU#00 AffMask:0x00000001 APIC_ID:0x00000000 Phys_ID:000 Core_ID:00 SMT_ID:00 PhysMask:0x00000001 
CPU#00 L1I cache:    64KB,   64 byte cache line,  2 way, SMask:00000001
CPU#00 L1D cache:    64KB,   64 byte cache line,  2 way, SMask:00000001
CPU#00 L2  cache:    64KB,   64 byte cache line, 16 way, SMask:00000001, exclusive
CPU#00 AffMask:0x00000001 APIC_ID:0x00000000 Phys_ID:000 Core_ID:00 SMT_ID:00 PhysMask:0x00000001 
Parameters: "-ph -d4094 -l "
Memory Latency ProcMask:0x00000001 #NOP:0
*** Linear Read Latency ***
Stride,     4,   8,  16,  32,  64, 128, 256, 512,  1K,  2K,  4K,  8K, 16K,
   0.25K,   3,   3,   3,   3,   3,   3,
   0.50K,   3,   3,   3,   3,   3,   3,   3,
    1.0K,   3,   3,   3,   3,   3,   3,   3,   3,
    2.0K,   3,   3,   3,   3,   3,   3,   3,   3,   3,
    4.0K,   3,   3,   3,   3,   3,   3,   3,   3,   3,   3,
    8.0K,   3,   3,   3,   3,   3,   3,   3,   3,   3,   3,   3,
   16.0K,   3,   3,   3,   3,   3,   3,   3,   3,   3,   3,   3,   3,
   32.0K,   3,   3,   3,   3,   3,   3,   3,   3,   3,   3,   3,   3,   3,
   64.0K,   3,   3,   3,   3,   3,   3,   3,   3,   3,   3,   3,   3,   3,
  128.0K,   3,   4,   5,  18,  20,  20,  20,  20,  20,  20,  20,  19,  18,
  256.0K,  10,  17,  37,  61, 110, 109, 109, 109, 109, 109, 109, 108,  19,
  512.0K,  10,  17,  36,  61, 110, 110, 109, 109, 109, 109, 109, 109, 108,
 1024.0K,  10,  17,  37,  61, 110, 110, 111, 110, 109, 110, 110, 109, 110,
 2048.0K,  10,  17,  37,  61, 111, 111, 111, 112, 114, 118, 125, 125, 125,
 4096.0K,  10,  17,  37,  61, 111, 111, 112, 113, 115, 119, 129, 129, 129,
 8192.0K,  10,  17,  37,  61, 111, 111, 112, 113, 116, 121, 131, 132, 132,
16384.0K,  10,  17,  37,  62, 111, 111, 112, 114, 116, 122, 133, 133, 133,
*** Backward Read Latency ***
Stride,     4,   8,  16,  32,  64, 128, 256, 512,  1K,  2K,  4K,  8K, 16K,
   0.25K,   3,   3,   3,   3,   3,   3,
   0.50K,   3,   3,   3,   3,   3,   3,   3,
    1.0K,   3,   3,   3,   3,   3,   3,   3,   3,
    2.0K,   3,   3,   3,   3,   3,   3,   3,   3,   3,
    4.0K,   3,   3,   3,   3,   3,   3,   3,   3,   3,   3,
    8.0K,   3,   3,   3,   3,   3,   3,   3,   3,   3,   3,   3,
   16.0K,   3,   3,   3,   3,   3,   3,   3,   3,   3,   3,   3,   3,
   32.0K,   3,   3,   3,   3,   3,   3,   3,   3,   3,   3,   3,   3,   3,
   64.0K,   3,   3,   3,   3,   3,   3,   3,   3,   3,   3,   3,   3,   3,
  128.0K,   4,   6,   9,  18,  20,  20,  20,  20,  20,  20,  19,  19,  18,
  256.0K,  10,  17,  37,  61, 110, 109, 109, 109, 109, 108, 109, 108,  19,
  512.0K,  10,  17,  37,  61, 110, 110, 109, 109, 109, 109, 109, 108, 108,
 1024.0K,  10,  17,  37,  61, 110, 110, 110, 111, 109, 109, 110, 109, 110,
 2048.0K,  10,  17,  37,  61, 111, 111, 111, 112, 113, 118, 125, 123, 125,
 4096.0K,  10,  17,  37,  61, 111, 111, 112, 113, 115, 120, 129, 129, 129,
 8192.0K,  10,  17,  37,  61, 111, 111, 112, 113, 116, 121, 132, 132, 131,
16384.0K,  10,  17,  37,  61, 111, 111, 112, 114, 116, 122, 133, 133, 133,
*** BlockRandom Read Latency ***
Block,      8,  16,  32,  64, 128, 256, 512,  1K,  2K,  4K,  8K, 16K,
   0.50K,   3,
    1.0K,   3,   3,
    2.0K,   3,   3,   3,
    4.0K,   3,   3,   3,   3,
    8.0K,   3,   3,   3,   3,   3,
   16.0K,   3,   3,   3,   3,   3,   3,
   32.0K,   3,   3,   3,   3,   3,   3,   3,
   64.0K,   3,   3,   3,   3,   3,   3,   3,   3,
  128.0K,  20,  20,  20,  20,  20,  20,  20,  20,  24,
  256.0K, 110, 110, 110, 110, 110, 110, 110, 110, 110, 110,
  512.0K, 110, 110, 110, 110, 110, 110, 110, 110, 110, 110, 110,
 1024.0K, 110, 110, 110, 110, 110, 110, 110, 110, 110, 110, 110, 110,
 2048.0K, 111, 111, 111, 111, 111, 111, 111, 111, 111, 111, 111, 112,
 4096.0K, 111, 111, 111, 111, 111, 111, 111, 111, 111, 111, 111, 111,
 8192.0K, 111, 111, 111, 111, 111, 111, 111, 111, 111, 111, 111, 112,
16384.0K, 111, 111, 111, 111, 111, 111, 111, 111, 111, 111, 111, 112,
*** Random Read Latency ***
Stride,     4,   8,  16,  32,  64, 128, 256, 512,  1K,  2K,  4K,  8K, 16K,
   0.25K,   3,   3,   3,   3,   3,   3,
   0.50K,   3,   3,   3,   3,   3,   3,   3,
    1.0K,   3,   3,   3,   3,   3,   3,   3,   3,
    2.0K,   3,   3,   3,   3,   3,   3,   3,   3,   3,
    4.0K,   3,   3,   3,   3,   3,   3,   3,   3,   3,   3,
    8.0K,   3,   3,   3,   3,   3,   3,   3,   3,   3,   3,   3,
   16.0K,   3,   3,   3,   3,   3,   3,   3,   3,   3,   3,   3,   3,
   32.0K,   3,   3,   3,   3,   3,   3,   3,   3,   3,   3,   3,   3,   3,
   64.0K,   3,   3,   3,   3,   3,   3,   3,   3,   3,   3,   3,   3,   3,
  128.0K,  12,  12,  13,  15,  24,  22,  21,  21,  20,  22,  29,  21,  24,
  256.0K,  64,  66,  70,  80, 110, 110, 110, 109, 109, 111, 111, 113,  28,
  512.0K,  89,  90,  91,  97, 111, 110, 110, 110, 110, 111, 112, 113, 117,
 1024.0K, 101, 101, 102, 104, 110, 110, 111, 110, 110, 111, 112, 115, 120,
 2048.0K, 121, 121, 118, 120, 122, 122, 123, 124, 126, 127, 132, 133, 133,
 4096.0K, 131, 132, 127, 127, 129, 129, 130, 131, 133, 132, 135, 134, 135,
 8192.0K, 137, 137, 131, 132, 132, 134, 137, 138, 137, 136, 136, 136, 135,
16384.0K, 146, 146, 140, 140, 141, 147, 147, 143, 140, 138, 137, 137, 136,
*** CacheLine Forward Read Latency ***
Distance,   8,  16,  24,  32,  48,  64,  96, 128, 160, 192, 224, 256, 288,
    8.0K,   3,   3,   3,   3,   3,   3,   3,   3,   3,   3,   3,
   16.0K,   3,   3,   3,   3,   3,   3,   3,   3,   3,   3,   3,   3,
   32.0K,   3,   3,   3,   3,   3,   3,   3,   3,   3,   3,   3,   3,   3,
   64.0K,   3,   3,   3,   3,   3,   3,   3,   3,   3,   3,   3,   3,   3,
  128.0K,   7,   7,   7,   7,   7,  20,  20,  20,  20,  20,  20,  20,  20,
  256.0K,  57,  57,  57,  57,  57, 106, 106, 106, 106, 106, 106, 106, 106,
  512.0K,  57,  56,  57,  57,  57, 106, 106, 106, 106, 106, 106, 106, 106,
 1024.0K,  57,  57,  57,  57,  57, 106, 107, 107, 107, 107, 106, 107, 107,
 2048.0K,  58,  58,  58,  58,  58, 108, 108, 108, 108, 108, 108, 108, 108,
 4096.0K,  59,  58,  59,  59,  59, 109, 108, 109, 109, 109, 109, 108, 109,
 8192.0K,  59,  59,  59,  59,  59, 109, 109, 108, 109, 109, 108, 109, 109,
16384.0K,  59,  59,  59,  59,  59, 109, 109, 109, 109, 109, 109, 109, 109,
*** CacheLine Backward Read Latency ***
Distance,   8,  16,  24,  32,  48,  64,  96, 128, 160, 192, 224, 256, 288,
    8.0K,   3,   3,   3,   3,   3,   3,   3,   3,   3,   3,   3,
   16.0K,   3,   3,   3,   3,   3,   3,   3,   3,   3,   3,   3,   3,
   32.0K,   3,   3,   3,   3,   3,   3,   3,   3,   3,   3,   3,   3,   3,
   64.0K,   3,   3,   3,   3,   3,   3,   3,   3,   3,   3,   3,   3,   3,
  128.0K,   7,   7,   7,   7,   7,  20,  20,  20,  20,  20,  20,  20,  20,
  256.0K,  57,  56,  57,  56,  56, 106, 106, 106, 106, 106, 106, 106, 106,
  512.0K,  57,  56,  58,  56,  56, 106, 106, 106, 106, 106, 106, 106, 106,
 1024.0K,  57,  57,  57,  57,  57, 107, 107, 107, 107, 107, 107, 107, 107,
 2048.0K,  58,  58,  58,  58,  58, 108, 108, 108, 108, 108, 108, 108, 108,
 4096.0K,  59,  59,  59,  59,  59, 108, 108, 108, 109, 108, 109, 109, 109,
 8192.0K,  59,  59,  59,  59,  59, 109, 109, 108, 109, 109, 109, 108, 109,
16384.0K,  59,  59,  59,  59,  59, 109, 109, 109, 109, 109, 109, 109, 109,
BenchMemLat exit code: 0x0100
L1D cacheline size: 64 bytes      [Mode:6 Size:   128K, Stride:   512, #NOP:  0, UnRoll:64]
L2  cacheline size: 64 bytes      [Mode:6 Size:   128K, Stride:   512, #NOP:  0, UnRoll:64]
Mem latency: 183.372ns( 110 clks) [Mode:1 Size: 16384K, Stride:  1024, #NOP: 68, UnRoll:64]
L1D latency:   4.938ns(   3 clks) [Mode:1 Size:    64K, Stride:    64, #NOP:  0, UnRoll:64]
L2  latency:  18.420ns(  11 clks) [Mode:1 Size:   128K, Stride:    64, #NOP: 25, UnRoll:64]
Running time:    331 seconds.
