Copyright (C) 2003, 2009 Lavalys Consulting Group, Inc. All rights reserved.
everest_bench.dll build: 2.4.257.0 Jan 19 2009 01:57:35
CPUCount: 2, procMask: 0x00000003 Size of Memory: 2096092KB Priority:080
CPU#00 Vendor: AuthenticAMD CoreType:0x10000f51
CPU#00 Family: f Modell: 05 Stepping: 1 Type: "AMD Opteron(tm) Processor 240 HE"
CPU#00 Features: TSC, FPU, CMOV, MMX, MMX+, 3DNow!, 3DNow!+, SSE, SSE2, CMPXCHG8B
CPU#00 Frequency: 1395.65MHz  OS:5.1.2600 Service Pack 2
CPU#00 AffMask:0x00000001 APIC_ID:0x00000000 Phys_ID:000 Core_ID:00 SMT_ID:00 PhysMask:0x00000001 
CPU#00 L1I cache:    64KB,   64 byte cache line,  2 way, SMask:00000001
CPU#00 L1D cache:    64KB,   64 byte cache line,  2 way, SMask:00000001
CPU#00 L2  cache:  1024KB,   64 byte cache line, 16 way, SMask:00000001, exclusive
CPU#01 Vendor: AuthenticAMD CoreType:0x10000f51
CPU#01 Family: f Modell: 05 Stepping: 1 Type: "AMD Opteron(tm) Processor 240 HE"
CPU#01 Features: TSC, FPU, CMOV, MMX, MMX+, 3DNow!, 3DNow!+, SSE, SSE2, CMPXCHG8B
CPU#01 Frequency: 1395.67MHz  OS:5.1.2600 Service Pack 2
CPU#01 AffMask:0x00000002 APIC_ID:0x00000001 Phys_ID:001 Core_ID:00 SMT_ID:00 PhysMask:0x00000002 
CPU#01 L1I cache:    64KB,   64 byte cache line,  2 way, SMask:00000002
CPU#01 L1D cache:    64KB,   64 byte cache line,  2 way, SMask:00000002
CPU#01 L2  cache:  1024KB,   64 byte cache line, 16 way, SMask:00000002, exclusive
CPU#00 AffMask:0x00000001 APIC_ID:0x00000000 Phys_ID:000 Core_ID:00 SMT_ID:00 PhysMask:0x00000001 
CPU#01 AffMask:0x00000002 APIC_ID:0x00000001 Phys_ID:001 Core_ID:00 SMT_ID:00 PhysMask:0x00000002 
Parameters: "-ph -d4094 -l "
Memory Latency ProcMask:0x00000001 #NOP:0
*** Linear Read Latency ***
Stride,     4,   8,  16,  32,  64, 128, 256, 512,  1K,  2K,  4K,  8K, 16K,
   0.25K,   3,   3,   3,   3,   3,   3,
   0.50K,   3,   3,   3,   3,   3,   3,   3,
    1.0K,   3,   3,   3,   3,   3,   3,   3,   3,
    2.0K,   3,   3,   3,   3,   3,   3,   3,   3,   3,
    4.0K,   3,   3,   3,   3,   3,   3,   3,   3,   3,   3,
    8.0K,   3,   3,   3,   3,   3,   3,   3,   3,   3,   3,   3,
   16.0K,   3,   3,   3,   3,   3,   3,   3,   3,   3,   3,   3,   3,
   32.0K,   3,   3,   3,   3,   3,   3,   3,   3,   3,   3,   3,   3,   3,
   64.0K,   3,   3,   3,   3,   3,   3,   3,   3,   3,   3,   3,   3,   3,
  128.0K,   3,   4,   5,  16,  16,  16,  16,  16,  16,  16,  19,  19,  19,
  256.0K,   3,   4,   5,  16,  16,  16,  16,  16,  16,  16,  16,  19,  19,
  512.0K,   3,   4,   5,  16,  16,  16,  16,  16,  16,  16,  16,  16,  19,
 1024.0K,   3,   4,   5,  16,  16,  16,  16,  16,  16,  16,  16,  16,  16,
 2048.0K,   6,  10,  18,  38,  70, 130, 130, 131, 133, 137, 149,  16,  16,
 4096.0K,   6,  10,  18,  38,  70, 130, 131, 133, 136, 142, 160, 160,  39,
 8192.0K,   6,  10,  18,  38,  70, 131, 132, 134, 137, 147, 163, 163, 180,
16384.0K,   6,  10,  18,  38,  70, 131, 132, 134, 138, 147, 165, 184, 163,
*** Backward Read Latency ***
Stride,     4,   8,  16,  32,  64, 128, 256, 512,  1K,  2K,  4K,  8K, 16K,
   0.25K,   3,   3,   3,   3,   3,   3,
   0.50K,   3,   3,   3,   3,   3,   3,   3,
    1.0K,   3,   3,   3,   3,   3,   3,   3,   3,
    2.0K,   3,   3,   3,   3,   3,   3,   3,   3,   3,
    4.0K,   3,   3,   3,   3,   3,   3,   3,   3,   3,   3,
    8.0K,   3,   3,   3,   3,   3,   3,   3,   3,   3,   3,   3,
   16.0K,   3,   3,   3,   3,   3,   3,   3,   3,   3,   3,   3,   3,
   32.0K,   3,   3,   3,   3,   3,   3,   3,   3,   3,   3,   3,   3,   3,
   64.0K,   3,   3,   3,   3,   3,   3,   3,   3,   3,   3,   3,   3,   3,
  128.0K,   4,   5,   8,  16,  16,  16,  16,  16,  16,  16,  19,  19,  19,
  256.0K,   4,   5,   8,  16,  16,  16,  16,  16,  16,  16,  16,  19,  19,
  512.0K,   4,   5,   8,  16,  16,  16,  16,  16,  16,  16,  16,  16,  19,
 1024.0K,   4,   5,   8,  16,  16,  16,  16,  16,  16,  16,  16,  16,  16,
 2048.0K,  11,  19,  38,  70, 130, 130, 130, 131, 133, 137, 149,  16,  16,
 4096.0K,  11,  19,  38,  71, 130, 131, 131, 133, 137, 143, 161, 161,  26,
 8192.0K,  11,  19,  38,  71, 130, 131, 132, 134, 138, 146, 164, 163, 163,
16384.0K,  11,  19,  38,  71, 130, 131, 132, 134, 138, 147, 166, 167, 184,
*** BlockRandom Read Latency ***
Block,      8,  16,  32,  64, 128, 256, 512,  1K,  2K,  4K,  8K, 16K,
   0.50K,   3,
    1.0K,   3,   3,
    2.0K,   3,   3,   3,
    4.0K,   3,   3,   3,   3,
    8.0K,   3,   3,   3,   3,   3,
   16.0K,   3,   3,   3,   3,   3,   3,
   32.0K,   3,   3,   3,   3,   3,   3,   3,
   64.0K,   3,   3,   3,   3,   3,   3,   3,   3,
  128.0K,  16,  16,  16,  16,  16,  16,  16,  16,  16,
  256.0K,  16,  16,  16,  16,  16,  16,  16,  16,  16,  16,
  512.0K,  16,  16,  16,  16,  16,  16,  16,  16,  16,  16,  16,
 1024.0K,  16,  16,  16,  16,  16,  16,  16,  16,  16,  16,  16,  16,
 2048.0K,  92, 102, 109, 116, 122, 131, 138, 143, 148, 150, 150, 149,
 4096.0K,  92, 103, 109, 117, 123, 130, 142, 146, 148, 150, 150, 150,
 8192.0K,  92, 103, 109, 117, 123, 134, 136, 145, 149, 151, 150, 150,
16384.0K,  92, 103, 109, 117, 123, 130, 137, 145, 149, 151, 151, 150,
*** Random Read Latency ***
Stride,     4,   8,  16,  32,  64, 128, 256, 512,  1K,  2K,  4K,  8K, 16K,
   0.25K,   3,   3,   3,   3,   3,   3,
   0.50K,   3,   3,   3,   3,   3,   3,   3,
    1.0K,   3,   3,   3,   3,   3,   3,   3,   3,
    2.0K,   3,   3,   3,   3,   3,   3,   3,   3,   3,
    4.0K,   3,   3,   3,   3,   3,   3,   3,   3,   3,   3,
    8.0K,   3,   3,   3,   3,   3,   3,   3,   3,   3,   3,   3,
   16.0K,   3,   3,   3,   3,   3,   3,   3,   3,   3,   3,   3,   3,
   32.0K,   3,   3,   3,   3,   3,   3,   3,   3,   3,   3,   3,   3,   3,
   64.0K,   3,   3,   3,   3,   3,   3,   3,   3,   3,   3,   3,   3,   3,
  128.0K,   9,  10,  10,  12,  16,  16,  16,  17,  17,  18,  20,  20,  20,
  256.0K,  14,  14,  14,  14,  16,  16,  16,  16,  17,  18,  18,  20,  20,
  512.0K,  15,  15,  15,  15,  16,  16,  16,  16,  17,  17,  17,  18,  20,
 1024.0K,  16,  16,  16,  16,  16,  16,  16,  16,  16,  17,  17,  18,  20,
 2048.0K,  82,  85,  91, 106, 149, 149, 149, 149, 150, 151, 152,  18,  19,
 4096.0K, 126, 128, 131, 139, 158, 158, 158, 158, 159, 161, 185, 164,  37,
 8192.0K, 147, 148, 150, 154, 163, 163, 163, 163, 163, 164, 168, 167, 183,
16384.0K, 158, 158, 159, 161, 165, 165, 165, 166, 166, 167, 169, 187, 185,
*** CacheLine Forward Read Latency ***
Distance,   8,  16,  24,  32,  48,  64,  96, 128, 160, 192, 224, 256, 288,
    8.0K,   3,   3,   3,   3,   3,   3,   3,   3,   3,   3,   3,
   16.0K,   3,   3,   3,   3,   3,   3,   3,   3,   3,   3,   3,   3,
   32.0K,   3,   3,   3,   3,   3,   3,   3,   3,   3,   3,   3,   3,   3,
   64.0K,   3,   3,   3,   3,   3,   3,   3,   3,   3,   3,   3,   3,   3,
  128.0K,   7,   7,   7,   7,   7,  16,  16,  16,  16,  16,  16,  16,  16,
  256.0K,   7,   7,   7,   7,   7,  16,  16,  16,  16,  16,  16,  16,  16,
  512.0K,   7,   7,   7,   7,   7,  16,  16,  16,  16,  16,  16,  16,  16,
 1024.0K,   7,   7,   7,   7,   7,  16,  16,  16,  16,  16,  16,  16,  16,
 2048.0K,  67,  67,  67,  67,  67, 130, 130, 130, 130, 130, 130, 130, 130,
 4096.0K,  68,  68,  68,  68,  68, 131, 131, 131, 130, 130, 131, 130, 130,
 8192.0K,  68,  68,  68,  68,  68, 131, 131, 131, 131, 131, 131, 131, 131,
16384.0K,  68,  68,  68,  68,  69, 131, 131, 131, 131, 131, 131, 131, 131,
*** CacheLine Backward Read Latency ***
Distance,   8,  16,  24,  32,  48,  64,  96, 128, 160, 192, 224, 256, 288,
    8.0K,   3,   3,   3,   3,   3,   3,   3,   3,   3,   3,   3,
   16.0K,   3,   3,   3,   3,   3,   3,   3,   3,   3,   3,   3,   3,
   32.0K,   3,   3,   3,   3,   3,   3,   3,   3,   3,   3,   3,   3,   3,
   64.0K,   3,   3,   3,   3,   3,   3,   3,   3,   3,   3,   3,   3,   3,
  128.0K,   7,   7,   7,   7,   7,  16,  16,  16,  16,  16,  16,  16,  16,
  256.0K,   7,   7,   7,   7,   7,  16,  16,  16,  16,  16,  16,  16,  16,
  512.0K,   7,   7,   7,   7,   7,  16,  16,  16,  16,  16,  16,  16,  16,
 1024.0K,   7,   7,   7,   7,   7,  16,  16,  16,  16,  16,  16,  16,  16,
 2048.0K,  67,  67,  67,  67,  67, 130, 130, 130, 130, 130, 130, 130, 130,
 4096.0K,  68,  68,  68,  68,  68, 131, 131, 130, 130, 130, 130, 130, 130,
 8192.0K,  68,  68,  68,  68,  68, 131, 131, 131, 131, 131, 131, 131, 131,
16384.0K,  68,  68,  68,  68,  69, 131, 131, 131, 131, 131, 131, 131, 131,
BenchMemLat exit code: 0x0100
L1D cacheline size: 64 bytes      [Mode:6 Size:   128K, Stride:   512, #NOP:  0, UnRoll:64]
L2  cacheline size: 64 bytes      [Mode:6 Size:  2048K, Stride:   512, #NOP:  0, UnRoll:64]
Mem latency:  98.067ns( 137 clks) [Mode:1 Size: 16384K, Stride:  1024, #NOP: 12, UnRoll:64]
L1D latency:   2.127ns(   3 clks) [Mode:1 Size:    64K, Stride:    64, #NOP:  0, UnRoll:64]
L2  latency:   7.937ns(  11 clks) [Mode:1 Size:  1024K, Stride:    64, #NOP:  7, UnRoll:64]
Running time:    230 seconds.
