Copyright (C) 2003, 2009 Lavalys Consulting Group, Inc. All rights reserved.
everest_bench.dll build: 2.4.257.0 Jan 19 2009 01:57:35
CPUCount: 1, procMask: 0x00000001 Size of Memory: 261688KB Priority:080
CPU#00 Vendor: AuthenticAMD CoreType:0x10000591
CPU#00 Family: 5 Modell: 09 Stepping: 1 Type: "AMD-K6(tm) 3D+ Processor"
CPU#00 Features: TSC, FPU, MMX, 3DNow!, CMPXCHG8B
CPU#00 Frequency:  400.81MHz  OS:5.0.2195 Service Pack 4
CPU#00 AffMask:0x00000001 APIC_ID:0x00000000 Phys_ID:000 Core_ID:00 SMT_ID:00 PhysMask:0x00000001 
CPU#00 L1I cache:    32KB,   32 byte cache line,  2 way, SMask:00000001
CPU#00 L1D cache:    32KB,   32 byte cache line,  2 way, SMask:00000001
CPU#00 L2  cache:   256KB,   32 byte cache line,  4 way, SMask:00000001
CPU#00 AffMask:0x00000001 APIC_ID:0x00000000 Phys_ID:000 Core_ID:00 SMT_ID:00 PhysMask:0x00000001 
Parameters: "-ph -d4094 -l "
Memory Latency ProcMask:0x00000001 #NOP:0
*** Linear Read Latency ***
Stride,     4,   8,  16,  32,  64, 128, 256, 512,  1K,  2K,  4K,  8K, 16K,
   0.25K,   2,   2,   2,   2,   2,   2,
   0.50K,   2,   2,   2,   2,   2,   2,   2,
    1.0K,   2,   2,   2,   2,   2,   2,   2,   2,
    2.0K,   2,   2,   2,   2,   2,   2,   2,   2,   2,
    4.0K,   2,   2,   2,   2,   2,   2,   2,   2,   2,   2,
    8.0K,   2,   2,   2,   2,   2,   2,   2,   2,   2,   2,   2,
   16.0K,   2,   2,   2,   2,   2,   2,   2,   2,   2,   2,   2,   2,
   32.0K,   2,   2,   2,   2,   2,   2,   2,   2,   2,   2,   2,   2,   2,
   64.0K,   2,   3,   4,   5,  11,  11,  11,  11,  11,  11,  12,  12,  12,
  128.0K,   2,   3,   4,   5,  11,  11,  11,  11,  11,  11,  12,  12,  12,
  256.0K,   2,   3,   4,   5,  11,  11,  11,  11,  11,  11,  12,  12,  12,
  512.0K,   4,   8,  15,  30,  57,  62,  63,  62,  60,  67,  67,  13,  14,
 1024.0K,   5,  10,  19,  38,  77,  75,  81,  82,  85,  90,  94,  79,  24,
 2048.0K,   6,  12,  23,  46,  92,  92,  94,  95,  99, 108, 113,  91,  71,
 4096.0K,   7,  13,  24,  49,  97,  98,  99, 101, 106, 116, 119, 113,  92,
 8192.0K,   7,  13,  24,  49,  98,  98,  99, 102, 107, 117, 121, 120, 112,
16384.0K,   7,  13,  24,  49,  98,  98,  99, 102, 107, 117, 121, 121, 120,
*** Backward Read Latency ***
Stride,     4,   8,  16,  32,  64, 128, 256, 512,  1K,  2K,  4K,  8K, 16K,
   0.25K,   2,   2,   2,   2,   2,   2,
   0.50K,   2,   2,   2,   2,   2,   2,   2,
    1.0K,   2,   2,   2,   2,   2,   2,   2,   2,
    2.0K,   2,   2,   2,   2,   2,   2,   2,   2,   2,
    4.0K,   2,   2,   2,   2,   2,   2,   2,   2,   2,   2,
    8.0K,   2,   2,   2,   2,   2,   2,   2,   2,   2,   2,   2,
   16.0K,   2,   2,   2,   2,   2,   2,   2,   2,   2,   2,   2,   2,
   32.0K,   2,   2,   2,   2,   2,   2,   2,   2,   2,   2,   2,   2,   2,
   64.0K,   3,   3,   5,   7,  11,  11,  11,  11,  11,  11,  12,  12,  12,
  128.0K,   3,   3,   5,   7,  11,  11,  11,  11,  11,  11,  12,  12,  12,
  256.0K,   3,   3,   5,   7,  11,  11,  11,  11,  11,  11,  12,  12,  12,
  512.0K,   6,  11,  19,  39,  62,  63,  63,  64,  65,  62,  66,  19,  21,
 1024.0K,   7,  13,  23,  47,  78,  78,  77,  80,  81,  90,  95,  78,  31,
 2048.0K,   8,  14,  27,  54,  92,  92,  93,  95, 100, 108, 112,  94,  72,
 4096.0K,   8,  15,  28,  57,  97,  97,  99, 101, 106, 116, 119, 112,  95,
 8192.0K,   8,  15,  28,  57,  98,  98,  99, 102, 107, 117, 121, 120, 112,
16384.0K,   8,  15,  28,  57,  98,  98,  99, 102, 107, 117, 121, 121, 120,
*** BlockRandom Read Latency ***
Block,      8,  16,  32,  64, 128, 256, 512,  1K,  2K,  4K,  8K, 16K,
   0.25K,   2,
   0.50K,   2,   2,
    1.0K,   2,   2,   2,
    2.0K,   2,   2,   2,   2,
    4.0K,   2,   2,   2,   2,   2,
    8.0K,   2,   2,   2,   2,   2,   2,
   16.0K,   2,   2,   2,   2,   2,   2,   2,
   32.0K,   2,   2,   2,   2,   2,   2,   2,   2,
   64.0K,   6,   6,   7,   7,   7,   7,   7,   7,   7,
  128.0K,   6,   6,   7,   7,   7,   7,   7,   7,   8,   8,
  256.0K,   6,   6,   7,   7,   7,   7,   7,   7,   8,   8,   9,
  512.0K,  34,  31,  34,  37,  37,  37,  36,  37,  40,  39,  40,  43,
 1024.0K,  42,  42,  41,  43,  45,  46,  45,  46,  48,  51,  49,  59,
 2048.0K,  48,  48,  49,  49,  54,  55,  55,  56,  59,  61,  62,  69,
 4096.0K,  50,  51,  52,  52,  58,  58,  59,  60,  64,  66,  67,  74,
 8192.0K,  51,  52,  52,  53,  58,  59,  59,  61,  64,  66,  67,  74,
16384.0K,  51,  52,  52,  53,  58,  59,  59,  61,  64,  66,  67,  74,
*** Random Read Latency ***
Stride,     4,   8,  16,  32,  64, 128, 256, 512,  1K,  2K,  4K,  8K, 16K,
   0.25K,   2,   2,   2,   2,   2,   2,
   0.50K,   2,   2,   2,   2,   2,   2,   2,
    1.0K,   2,   2,   2,   2,   2,   2,   2,   2,
    2.0K,   2,   2,   2,   2,   2,   2,   2,   2,   2,
    4.0K,   2,   2,   2,   2,   2,   2,   2,   2,   2,   2,
    8.0K,   2,   2,   2,   2,   2,   2,   2,   2,   2,   2,   2,
   16.0K,   2,   2,   2,   2,   2,   2,   2,   2,   2,   2,   2,   2,
   32.0K,   2,   2,   2,   2,   2,   2,   2,   2,   2,   2,   2,   2,   2,
   64.0K,   6,   6,   6,   7,  11,  11,  11,  11,  11,  11,  12,  16,  14,
  128.0K,   7,   8,   8,   8,  11,  11,  11,  11,  11,  11,  12,  12,  16,
  256.0K,   8,   8,   8,   9,  11,  11,  11,  11,  11,  12,  12,  12,  12,
  512.0K,  32,  35,  38,  44,  68,  63,  62,  67,  66,  64,  67,  12,  12,
 1024.0K,  56,  55,  59,  64,  93,  91,  93,  90,  88,  93,  92,  74,  21,
 2048.0K,  73,  74,  77,  84, 110, 111, 110, 111, 110, 111, 113,  92,  74,
 4096.0K,  87,  87,  89,  94, 119, 119, 119, 118, 119, 120, 120, 112,  96,
 8192.0K,  94,  94,  95,  98, 120, 120, 120, 121, 121, 121, 121, 121, 112,
16384.0K,  97,  98,  98,  99, 121, 121, 122, 123, 122, 122, 121, 121, 121,
*** CacheLine Forward Read Latency ***
Distance,   8,  16,  24,  32,  48,  64,  96, 128, 160, 192, 224, 256, 288,
    8.0K,   2,   2,   2,   2,   2,   2,   2,   2,   2,   2,   2,
   16.0K,   2,   2,   2,   2,   2,   2,   2,   2,   2,   2,   2,   2,
   32.0K,   2,   2,   2,   2,   2,   2,   2,   2,   2,   2,   2,   2,   2,
   64.0K,   5,   5,   5,   5,   5,   7,   7,   7,   7,   7,   7,   7,   7,
  128.0K,   5,   5,   5,   5,   5,   7,   7,   7,   7,   7,   7,   7,   7,
  256.0K,   5,   5,   5,   5,   5,   7,   7,   7,   7,   7,   7,   7,   7,
  512.0K,  18,  19,  17,  17,  23,  43,  38,  44,  38,  46,  35,  49,  37,
 1024.0K,  24,  25,  27,  27,  31,  63,  49,  62,  50,  64,  51,  64,  51,
 2048.0K,  32,  32,  32,  36,  40,  77,  63,  77,  62,  77,  61,  77,  62,
 4096.0K,  35,  35,  35,  38,  43,  83,  67,  83,  67,  82,  67,  83,  67,
 8192.0K,  35,  35,  35,  39,  43,  83,  67,  83,  67,  83,  67,  83,  67,
16384.0K,  35,  35,  35,  39,  43,  83,  67,  83,  67,  83,  67,  83,  67,
*** CacheLine Backward Read Latency ***
Distance,   8,  16,  24,  32,  48,  64,  96, 128, 160, 192, 224, 256, 288,
    8.0K,   2,   2,   2,   2,   2,   2,   2,   2,   2,   2,   2,
   16.0K,   2,   2,   2,   2,   2,   2,   2,   2,   2,   2,   2,   2,
   32.0K,   2,   2,   2,   2,   2,   2,   2,   2,   2,   2,   2,   2,   2,
   64.0K,   5,   5,   5,   5,   5,   7,   7,   7,   7,   7,   7,   7,   7,
  128.0K,   5,   5,   5,   5,   5,   7,   7,   7,   7,   7,   7,   7,   7,
  256.0K,   5,   5,   5,   5,   5,   7,   7,   7,   7,   7,   7,   7,   7,
  512.0K,  17,  16,  19,  20,  24,  46,  38,  48,  36,  46,  40,  48,  41,
 1024.0K,  25,  26,  26,  29,  32,  65,  50,  63,  51,  65,  50,  64,  52,
 2048.0K,  32,  32,  32,  35,  40,  78,  63,  76,  62,  77,  62,  77,  61,
 4096.0K,  35,  34,  35,  39,  43,  83,  67,  83,  67,  83,  67,  83,  67,
 8192.0K,  35,  35,  35,  39,  43,  83,  67,  83,  67,  83,  67,  83,  67,
16384.0K,  35,  35,  35,  39,  43,  83,  67,  83,  67,  83,  67,  83,  67,
BenchMemLat exit code: 0x0100
L1D cacheline size: 64 bytes      [Mode:6 Size:    64K, Stride:   512, #NOP:  0, UnRoll:64]
L2  cacheline size: 64 bytes      [Mode:6 Size:   512K, Stride:   512, #NOP:  0, UnRoll:64]
Mem latency: 138.923ns(  56 clks) [Mode:1 Size: 16384K, Stride:  1024, #NOP:126, UnRoll:64]
L1D latency:   5.052ns(   2 clks) [Mode:1 Size:    32K, Stride:    32, #NOP:  0, UnRoll:64]
L2  latency:  10.973ns(   4 clks) [Mode:1 Size:   256K, Stride:    32, #NOP:125, UnRoll:64]
Running time:    501 seconds.
