Copyright (C) 2003, 2009 Lavalys Consulting Group, Inc. All rights reserved.
everest_bench.dll build: 2.4.273.0 Oct 21 2009 23:53:40
CPUCount: 1, procMask: 0x00000001 Size of Memory: 523764KB Priority:020
CPU#00 Vendor: AuthenticAMD CoreType:0x100005d4
CPU#00 Family: 5 Modell: 0d Stepping: 4 Type: "AMD-K6(tm)-III Processor"
CPU#00 Features: TSC, FPU, MMX, 3DNow!, 3DNow!+, CMPXCHG8B
CPU#00 Frequency:  551.09MHz  OS:5.1.2600 Szervizcsomag 2
CPU#00 AffMask:0x00000001 APIC_ID:0x00000000 Phys_ID:000 Core_ID:00 SMT_ID:00 PhysMask:0x00000001 
CPU#00 L1I cache:    32KB,   32 byte cache line,  2 way, SMask:00000001
CPU#00 L1D cache:    32KB,   32 byte cache line,  2 way, SMask:00000001
CPU#00 L2  cache:   128KB,   32 byte cache line,  4 way, SMask:00000001
Memory Latency ProcMask:0x00000001 #NOP:0
*** Linear Read Latency ***
Stride,     4,   8,  16,  32,  64, 128, 256, 512,  1K,  2K,  4K,  8K, 16K,
   0.25K,   2,   2,   2,   2,   2,   2,
   0.50K,   2,   2,   2,   2,   2,   2,   2,
    1.0K,   2,   2,   2,   2,   2,   2,   2,   2,
    2.0K,   2,   2,   2,   2,   2,   2,   2,   2,   2,
    4.0K,   2,   2,   2,   2,   2,   2,   2,   2,   2,   2,
    8.0K,   2,   2,   2,   2,   2,   2,   2,   2,   2,   2,   2,
   16.0K,   2,   2,   2,   2,   2,   2,   2,   2,   2,   2,   2,   2,
   32.0K,   2,   2,   2,   2,   2,   2,   2,   2,   2,   2,   2,   2,   2,
   64.0K,   2,   3,   4,   6,  12,  12,  12,  12,  12,  12,  13,  13,  13,
  128.0K,   2,   3,   4,   6,  12,  12,  12,  12,  12,  12,  13,  13,  13,
  256.0K,   5,  10,  21,  41,  83,  82,  82,  82,  82,  82,  82,  13,  13,
  512.0K,   6,  10,  21,  42,  83,  82,  85,  90,  91,  93,  95,  87,  13,
 1024.0K,   7,  13,  28,  46,  85,  84,  87,  90, 102, 119, 112,  96,  87,
 2048.0K,   8,  12,  26,  43, 102, 132, 118, 133, 137, 135, 139, 112, 102,
 4096.0K,  11,  22,  42,  84, 170, 167, 164, 165, 169, 168, 170,  96,  92,
 8192.0K,  12,  23,  45,  90, 180, 180, 180, 180, 181, 182, 182, 173, 134,
16384.0K,  12,  23,  45,  90, 180, 180, 180, 180, 181, 182, 185, 183, 171,
*** Backward Read Latency ***
Stride,     4,   8,  16,  32,  64, 128, 256, 512,  1K,  2K,  4K,  8K, 16K,
   0.25K,   2,   2,   2,   2,   2,   2,
   0.50K,   2,   2,   2,   2,   2,   2,   2,
    1.0K,   2,   2,   2,   2,   2,   2,   2,   2,
    2.0K,   2,   2,   2,   2,   2,   2,   2,   2,   2,
    4.0K,   2,   2,   2,   2,   2,   2,   2,   2,   2,   2,
    8.0K,   2,   2,   2,   2,   2,   2,   2,   2,   2,   2,   2,
   16.0K,   2,   2,   2,   2,   2,   2,   2,   2,   2,   2,   2,   2,
   32.0K,   2,   2,   2,   2,   2,   2,   2,   2,   2,   2,   2,   2,   2,
   64.0K,   2,   3,   4,   6,  12,  12,  12,  12,  12,  12,  13,  13,  13,
  128.0K,   2,   3,   4,   6,  12,  12,  12,  12,  12,  12,  13,  13,  13,
  256.0K,   6,  11,  21,  43,  82,  85,  82,  85,  82,  82,  82,  13,  13,
  512.0K,   7,  12,  22,  48,  95,  82,  88,  96,  90,  96,  93,  84,  13,
 1024.0K,   8,  13,  24,  48,  95, 108,  99, 102,  99, 119, 126, 100,  87,
 2048.0K,   8,  13,  28,  46,  98,  85,  91,  85, 103, 118, 117, 103,  92,
 4096.0K,  12,  23,  44,  85, 170, 166, 167, 166, 167, 169, 172, 130, 103,
 8192.0K,  12,  24,  45,  90, 180, 180, 179, 180, 180, 181, 183, 171, 128,
16384.0K,  12,  24,  45,  90, 180, 180, 180, 180, 181, 182, 185, 183, 174,
*** BlockRandom Read Latency ***
Block,      8,  16,  32,  64, 128, 256, 512,  1K,  2K,  4K,  8K, 16K,
   0.25K,   2,
   0.50K,   2,   2,
    1.0K,   2,   2,   2,
    2.0K,   2,   2,   2,   2,
    4.0K,   2,   2,   2,   2,   2,
    8.0K,   2,   2,   2,   2,   2,   2,
   16.0K,   2,   2,   2,   2,   2,   2,   2,
   32.0K,   2,   2,   2,   2,   2,   2,   2,   2,
   64.0K,   6,   6,   6,   6,   6,   6,   6,   6,   8,
  128.0K,   6,   6,   6,   6,   6,   6,   6,   6,   9,  10,
  256.0K,  46,  44,  41,  44,  41,  41,  43,  42,  45,  46,  63,
  512.0K,  42,  45,  43,  45,  42,  46,  44,  44,  51,  47,  71,  75,
 1024.0K,  50,  55,  50,  56,  45,  54,  50,  56,  56,  61,  77,  88,
 2048.0K,  62,  61,  60,  64,  66,  61,  58,  61,  56,  61,  82,  98,
 4096.0K,  83,  84,  84,  84,  84,  86,  81,  83,  86,  88, 107, 118,
 8192.0K,  90,  90,  90,  90,  90,  90,  90,  90,  93,  95, 113, 125,
16384.0K,  90,  90,  90,  90,  90,  90,  90,  90,  93,  95, 114, 125,
*** Random Read Latency ***
Stride,     4,   8,  16,  32,  64, 128, 256, 512,  1K,  2K,  4K,  8K, 16K,
   0.25K,   2,   2,   2,   2,   2,   2,
   0.50K,   2,   2,   2,   2,   2,   2,   2,
    1.0K,   2,   2,   2,   2,   2,   2,   2,   2,
    2.0K,   2,   2,   2,   2,   2,   2,   2,   2,   2,
    4.0K,   2,   2,   2,   2,   2,   2,   2,   2,   2,   2,
    8.0K,   2,   2,   2,   2,   2,   2,   2,   2,   2,   2,   2,
   16.0K,   2,   2,   2,   2,   2,   2,   2,   2,   2,   2,   2,   2,
   32.0K,   2,   2,   2,   2,   2,   2,   2,   2,   2,   2,   2,   2,   2,
   64.0K,   6,   7,   7,   8,  12,  12,  12,  12,  12,  12,  13,  13,  13,
  128.0K,   9,   9,  10,  10,  12,  12,  12,  12,  12,  12,  13,  13,  13,
  256.0K,  48,  52,  55,  61,  88,  82,  87,  95,  85,  82,  87,  13,  15,
  512.0K,  74,  73,  76,  83,  92,  90, 101,  95,  90,  93,  94,  84,  14,
 1024.0K,  87,  87,  86,  88, 102,  97, 114, 103, 115, 107, 115,  95,  90,
 2048.0K, 115, 117, 121, 124, 144, 141, 131, 138, 132, 131, 141, 105,  95,
 4096.0K, 138, 140, 143, 151, 170, 171, 173, 176, 176, 177, 173, 122, 107,
 8192.0K, 161, 163, 165, 171, 185, 186, 186, 187, 185, 185, 183, 166, 140,
16384.0K, 176, 176, 178, 181, 187, 188, 189, 189, 188, 186, 185, 183, 171,
*** CacheLine Forward Read Latency ***
Distance,   8,  16,  24,  32,  48,  64,  96, 128, 160, 192, 224, 256, 288,
    8.0K,   2,   2,   2,   2,   2,   2,   2,   2,   2,   2,   2,
   16.0K,   2,   2,   2,   2,   2,   2,   2,   2,   2,   2,   2,   2,
   32.0K,   2,   2,   2,   2,   2,   2,   2,   2,   2,   2,   2,   2,   2,
   64.0K,   5,   5,   5,   5,   5,   7,   7,   7,   7,   7,   7,   7,   7,
  128.0K,   5,   5,   5,   5,   5,   7,   7,   7,   7,   7,   7,   7,   7,
  256.0K,  25,  28,  28,  27,  35,  66,  78,  69,  69,  72,  69,  75,  78,
  512.0K,  31,  30,  30,  28,  38,  74,  77,  69,  80,  78,  80,  91,  88,
 1024.0K,  41,  38,  41,  37,  42,  81,  85,  87,  85,  73,  73,  81,  82,
 2048.0K,  39,  36,  40,  52,  56, 124, 113, 116, 104, 107,  98,  93,  96,
 4096.0K,  68,  68,  68,  69,  76, 150, 152, 150, 150, 151, 153, 152, 152,
 8192.0K,  74,  74,  74,  74,  82, 164, 163, 163, 164, 163, 164, 164, 164,
16384.0K,  74,  74,  74,  75,  83, 164, 164, 164, 164, 164, 164, 164, 164,
*** CacheLine Backward Read Latency ***
Distance,   8,  16,  24,  32,  48,  64,  96, 128, 160, 192, 224, 256, 288,
    8.0K,   2,   2,   2,   2,   2,   2,   2,   2,   2,   2,   2,
   16.0K,   2,   2,   2,   2,   2,   2,   2,   2,   2,   2,   2,   2,
   32.0K,   2,   2,   2,   2,   2,   2,   2,   2,   2,   2,   2,   2,   2,
   64.0K,   5,   5,   5,   5,   5,   7,   7,   7,   7,   7,   7,   7,   7,
  128.0K,   5,   5,   5,   5,   5,   7,   7,   7,   7,   7,   7,   7,   7,
  256.0K,  28,  31,  28,  25,  32,  72,  69,  69,  72,  66,  66,  66,  66,
  512.0K,  31,  37,  31,  32,  40,  83,  80,  80,  81,  80,  74,  80,  75,
 1024.0K,  39,  34,  31,  36,  45,  89,  87,  92, 107, 101,  89,  99,  98,
 2048.0K,  53,  49,  53,  52,  58, 121, 118, 119, 131, 121, 120, 126, 118,
 4096.0K,  67,  68,  68,  68,  76, 150, 152, 153, 151, 151, 153, 152, 152,
 8192.0K,  74,  74,  74,  74,  82, 164, 163, 163, 164, 164, 164, 163, 164,
16384.0K,  74,  74,  74,  75,  83, 164, 164, 164, 164, 164, 164, 164, 164,
BenchMemLat exit code: 0x0100
L1D cacheline size: 64 bytes      [Mode:6 Size:    64K, Stride:   512, #NOP:  0, UnRoll:64]
L2  cacheline size: 64 bytes      [Mode:6 Size:   256K, Stride:   512, #NOP:  0, UnRoll:64]
Mem latency: 160.063ns(  88 clks) [Mode:1 Size: 16384K, Stride:  1024, #NOP:105, UnRoll:64]
L1D latency:   3.685ns(   2 clks) [Mode:1 Size:    32K, Stride:    32, #NOP:  0, UnRoll:64]
L2  latency:   8.222ns(   5 clks) [Mode:1 Size:   128K, Stride:    32, #NOP:  7, UnRoll:64]
Running time:    714 seconds.
