Copyright (C) 2003, 2009 Lavalys Consulting Group, Inc. All rights reserved.
everest_bench.dll build: 2.4.257.0 Jan 19 2009 01:57:35
CPUCount: 1, procMask: 0x00000001 Size of Memory: 523760KB Priority:080
CPU#00 Vendor: AuthenticAMD CoreType:0x10000644
CPU#00 Family: 6 Model: 04 Stepping: 4 Type: "AMD Athlon(tm) Processor"
CPU#00 Features: TSC, FPU, CMOV, MMX, MMX+, 3DNow!, 3DNow!+, CMPXCHG8B
CPU#00 Frequency: 1399.95MHz  OS:5.1.2600 Service Pack 2
CPU#00 AffMask:0x00000001 APIC_ID:0x00000000 Phys_ID:000 Core_ID:00 SMT_ID:00 PhysMask:0x00000001 
CPU#00 L1I cache:    64KB,   64 byte cache line,  2 way, SMask:00000001
CPU#00 L1D cache:    64KB,   64 byte cache line,  2 way, SMask:00000001
CPU#00 L2  cache:   256KB,   64 byte cache line, 16 way, SMask:00000001, exclusive
CPU#00 AffMask:0x00000001 APIC_ID:0x00000000 Phys_ID:000 Core_ID:00 SMT_ID:00 PhysMask:0x00000001 
Parameters: "-ph -d4094 -l "
Memory Latency ProcMask:0x00000001 #NOP:0
*** Linear Read Latency ***
Stride,     4,   8,  16,  32,  64, 128, 256, 512,  1K,  2K,  4K,  8K, 16K,
   0.25K,   3,   3,   3,   3,   3,   3,
   0.50K,   3,   3,   3,   3,   3,   3,   3,
    1.0K,   3,   3,   3,   3,   3,   3,   3,   3,
    2.0K,   3,   3,   3,   3,   3,   3,   3,   3,   3,
    4.0K,   3,   3,   3,   3,   3,   3,   3,   3,   3,   3,
    8.0K,   3,   3,   3,   3,   3,   3,   3,   3,   3,   3,   3,
   16.0K,   3,   3,   3,   3,   3,   3,   3,   3,   3,   3,   3,   3,
   32.0K,   3,   3,   3,   3,   3,   3,   3,   3,   3,   3,   3,   3,   3,
   64.0K,   3,   3,   3,   3,   3,   3,   3,   3,   3,   3,   3,   3,   3,
  128.0K,   3,   4,   5,  18,  20,  20,  20,  20,  20,  20,  20,  20,  20,
  256.0K,   3,   4,   5,  18,  20,  20,  20,  20,  20,  20,  20,  20,  20,
  512.0K,  16,  35,  64, 119, 216, 217, 222, 230, 248, 287, 288,  20,  19,
 1024.0K,  16,  35,  64, 119, 216, 217, 222, 230, 251, 293, 293, 289,  20,
 2048.0K,  16,  35,  64, 119, 216, 218, 223, 232, 254, 295, 298, 301, 301,
 4096.0K,  16,  35,  64, 119, 217, 218, 223, 233, 255, 298, 304, 305, 303,
 8192.0K,  16,  35,  64, 119, 217, 218, 223, 233, 256, 302, 310, 307, 306,
16384.0K,  16,  35,  64, 119, 217, 218, 223, 234, 256, 298, 307, 306, 310,
*** Backward Read Latency ***
Stride,     4,   8,  16,  32,  64, 128, 256, 512,  1K,  2K,  4K,  8K, 16K,
   0.25K,   3,   3,   3,   3,   3,   3,
   0.50K,   3,   3,   3,   3,   3,   3,   3,
    1.0K,   3,   3,   3,   3,   3,   3,   3,   3,
    2.0K,   3,   3,   3,   3,   3,   3,   3,   3,   3,
    4.0K,   3,   3,   3,   3,   3,   3,   3,   3,   3,   3,
    8.0K,   3,   3,   3,   3,   3,   3,   3,   3,   3,   3,   3,
   16.0K,   3,   3,   3,   3,   3,   3,   3,   3,   3,   3,   3,   3,
   32.0K,   3,   3,   3,   3,   3,   3,   3,   3,   3,   3,   3,   3,   3,
   64.0K,   3,   3,   3,   3,   3,   3,   3,   3,   3,   3,   3,   3,   3,
  128.0K,   4,   6,   9,  18,  20,  20,  20,  20,  20,  20,  20,  20,  20,
  256.0K,   4,   6,   9,  18,  20,  20,  20,  20,  20,  20,  20,  20,  20,
  512.0K,  17,  35,  64, 119, 216, 217, 222, 230, 249, 290, 288,  20,  20,
 1024.0K,  17,  35,  64, 119, 216, 217, 222, 230, 251, 291, 289, 286,  20,
 2048.0K,  17,  35,  64, 119, 216, 218, 223, 232, 254, 294, 301, 302, 302,
 4096.0K,  17,  35,  64, 119, 217, 218, 223, 233, 254, 296, 304, 302, 303,
 8192.0K,  17,  35,  64, 119, 217, 218, 224, 234, 256, 300, 308, 308, 306,
16384.0K,  17,  35,  64, 120, 217, 218, 223, 234, 256, 299, 310, 309, 307,
*** BlockRandom Read Latency ***
Block,      8,  16,  32,  64, 128, 256, 512,  1K,  2K,  4K,  8K, 16K,
   0.50K,   3,
    1.0K,   3,   3,
    2.0K,   3,   3,   3,
    4.0K,   3,   3,   3,   3,
    8.0K,   3,   3,   3,   3,   3,
   16.0K,   3,   3,   3,   3,   3,   3,
   32.0K,   3,   3,   3,   3,   3,   3,   3,
   64.0K,   3,   3,   3,   3,   3,   3,   3,   3,
  128.0K,  20,  20,  20,  20,  20,  20,  20,  20,  20,
  256.0K,  20,  20,  20,  20,  20,  20,  20,  20,  20,  20,
  512.0K, 216, 216, 216, 256, 255, 260, 264, 277, 283, 283, 285,
 1024.0K, 216, 216, 216, 255, 264, 263, 267, 280, 284, 286, 287, 288,
 2048.0K, 216, 216, 216, 256, 256, 261, 271, 279, 285, 287, 287, 288,
 4096.0K, 217, 217, 217, 256, 265, 264, 272, 280, 284, 287, 288, 288,
 8192.0K, 217, 217, 217, 256, 256, 262, 268, 276, 282, 286, 288, 287,
16384.0K, 217, 217, 217, 256, 258, 261, 269, 276, 284, 286, 287, 290,
*** Random Read Latency ***
Stride,     4,   8,  16,  32,  64, 128, 256, 512,  1K,  2K,  4K,  8K, 16K,
   0.25K,   3,   3,   3,   3,   3,   3,
   0.50K,   3,   3,   3,   3,   3,   3,   3,
    1.0K,   3,   3,   3,   3,   3,   3,   3,   3,
    2.0K,   3,   3,   3,   3,   3,   3,   3,   3,   3,
    4.0K,   3,   3,   3,   3,   3,   3,   3,   3,   3,   3,
    8.0K,   3,   3,   3,   3,   3,   3,   3,   3,   3,   3,   3,
   16.0K,   3,   3,   3,   3,   3,   3,   3,   3,   3,   3,   3,   3,
   32.0K,   3,   3,   3,   3,   3,   3,   3,   3,   3,   3,   3,   3,   3,
   64.0K,   3,   3,   3,   3,   3,   3,   3,   3,   3,   3,   3,   3,   3,
  128.0K,  12,  12,  13,  14,  20,  20,  20,  20,  20,  21,  21,  24,  32,
  256.0K,  17,  17,  17,  18,  20,  20,  20,  20,  20,  21,  21,  23,  31,
  512.0K, 124, 130, 145, 180, 286, 290, 286, 285, 290, 290, 295,  22,  25,
 1024.0K, 207, 212, 222, 240, 287, 287, 290, 291, 292, 294, 295, 296,  26,
 2048.0K, 262, 265, 265, 275, 296, 296, 297, 298, 299, 302, 307, 309, 317,
 4096.0K, 289, 291, 287, 292, 303, 303, 303, 304, 304, 306, 312, 316, 320,
 8192.0K, 304, 305, 300, 301, 306, 305, 305, 307, 311, 313, 313, 314, 319,
16384.0K, 311, 312, 303, 304, 307, 309, 310, 315, 314, 314, 315, 318, 323,
*** CacheLine Forward Read Latency ***
Distance,   8,  16,  24,  32,  48,  64,  96, 128, 160, 192, 224, 256, 288,
    8.0K,   3,   3,   3,   3,   3,   3,   3,   3,   3,   3,   3,
   16.0K,   3,   3,   3,   3,   3,   3,   3,   3,   3,   3,   3,   3,
   32.0K,   3,   3,   3,   3,   3,   3,   3,   3,   3,   3,   3,   3,   3,
   64.0K,   3,   3,   3,   3,   3,   3,   3,   3,   3,   3,   3,   3,   3,
  128.0K,   7,   7,   7,   7,   7,  20,  20,  20,  20,  20,  20,  20,  20,
  256.0K,   7,   7,   7,   7,   7,  20,  20,  20,  20,  20,  20,  20,  20,
  512.0K, 120, 120, 120, 121, 131, 226, 226, 226, 226, 226, 226, 226, 226,
 1024.0K, 121, 121, 121, 121, 131, 226, 226, 226, 226, 226, 226, 226, 226,
 2048.0K, 121, 121, 121, 123, 131, 227, 227, 227, 227, 227, 227, 227, 227,
 4096.0K, 121, 121, 121, 123, 131, 228, 228, 227, 228, 228, 228, 228, 227,
 8192.0K, 121, 121, 121, 123, 131, 228, 228, 228, 228, 228, 228, 228, 228,
16384.0K, 121, 121, 121, 123, 131, 228, 228, 228, 228, 228, 228, 228, 228,
*** CacheLine Backward Read Latency ***
Distance,   8,  16,  24,  32,  48,  64,  96, 128, 160, 192, 224, 256, 288,
    8.0K,   3,   3,   3,   3,   3,   3,   3,   3,   3,   3,   3,
   16.0K,   3,   3,   3,   3,   3,   3,   3,   3,   3,   3,   3,   3,
   32.0K,   3,   3,   3,   3,   3,   3,   3,   3,   3,   3,   3,   3,   3,
   64.0K,   3,   3,   3,   3,   3,   3,   3,   3,   3,   3,   3,   3,   3,
  128.0K,   7,   7,   7,   7,   7,  20,  20,  20,  20,  20,  20,  20,  20,
  256.0K,   7,   7,   7,   7,   7,  20,  20,  20,  20,  20,  20,  20,  20,
  512.0K, 121, 120, 120, 121, 131, 226, 226, 226, 226, 226, 226, 226, 226,
 1024.0K, 121, 120, 121, 121, 131, 226, 226, 226, 226, 226, 226, 226, 226,
 2048.0K, 121, 121, 121, 122, 131, 227, 227, 228, 227, 227, 227, 228, 227,
 4096.0K, 121, 121, 121, 123, 131, 228, 228, 228, 228, 228, 228, 228, 228,
 8192.0K, 121, 121, 121, 123, 131, 228, 228, 228, 228, 228, 228, 228, 228,
16384.0K, 121, 121, 121, 123, 131, 228, 228, 228, 228, 228, 228, 228, 228,
BenchMemLat exit code: 0x0100
L1D cacheline size: 64 bytes      [Mode:6 Size:   128K, Stride:   512, #NOP:  0, UnRoll:64]
L2  cacheline size: 64 bytes      [Mode:6 Size:   512K, Stride:   512, #NOP:  0, UnRoll:64]
Mem latency: 175.449ns( 246 clks) [Mode:1 Size: 16384K, Stride:  1024, #NOP: 76, UnRoll:64]
L1D latency:   2.121ns(   3 clks) [Mode:1 Size:    64K, Stride:    64, #NOP:  0, UnRoll:64]
L2  latency:   7.913ns(  11 clks) [Mode:1 Size:   256K, Stride:    64, #NOP: 25, UnRoll:64]
Running time:    295 seconds.
