Copyright (C) 2003, 2009 Lavalys Consulting Group, Inc. All rights reserved.
everest_bench.dll build: 2.4.266.0 Aug 17 2009 22:59:04
CPUCount: 2, procMask: 0x00000003 Size of Memory: 2095280KB Priority:080
CPU#00 Vendor: AuthenticAMD CoreType:0x10100f62
CPU#00 Family: 1f Modell: 06 Stepping: 2 Type: "AMD Athlon(tm) II X2 245 Processor"
CPU#00 Features: TSC, FPU, CMOV, MMX, MMX+, 3DNow!, 3DNow!+, SSE, SSE2, SSE3, SSE4A, LZCNT, POPCNT, CMPXCHG8B
CPU#00 Frequency: 2899.48MHz  OS:5.1.2600 Service Pack 3
CPU#00 AffMask:0x00000001 APIC_ID:0x00000000 Phys_ID:000 Core_ID:00 SMT_ID:00 PhysMask:0x00000003 
CPU#00 L1I cache:    64KB,   64 byte cache line,  2 way, SMask:00000001
CPU#00 L1D cache:    64KB,   64 byte cache line,  2 way, SMask:00000001
CPU#00 L2  cache:  1024KB,   64 byte cache line, 16 way, SMask:00000001, exclusive
CPU#01 Vendor: AuthenticAMD CoreType:0x10100f62
CPU#01 Family: 1f Modell: 06 Stepping: 2 Type: "AMD Athlon(tm) II X2 245 Processor"
CPU#01 Features: TSC, FPU, CMOV, MMX, MMX+, 3DNow!, 3DNow!+, SSE, SSE2, SSE3, SSE4A, LZCNT, POPCNT, CMPXCHG8B
CPU#01 Frequency: 2899.54MHz  OS:5.1.2600 Service Pack 3
CPU#01 AffMask:0x00000002 APIC_ID:0x00000001 Phys_ID:000 Core_ID:01 SMT_ID:00 PhysMask:0x00000003 
CPU#01 L1I cache:    64KB,   64 byte cache line,  2 way, SMask:00000002
CPU#01 L1D cache:    64KB,   64 byte cache line,  2 way, SMask:00000002
CPU#01 L2  cache:  1024KB,   64 byte cache line, 16 way, SMask:00000002, exclusive
CPU#00 AffMask:0x00000001 APIC_ID:0x00000000 Phys_ID:000 Core_ID:00 SMT_ID:00 PhysMask:0x00000003 
CPU#01 AffMask:0x00000002 APIC_ID:0x00000001 Phys_ID:000 Core_ID:01 SMT_ID:00 PhysMask:0x00000003 
Parameters: "-ph -l "
Memory Latency ProcMask:0x00000001 #NOP:0
*** Linear Read Latency ***
Stride,     4,   8,  16,  32,  64, 128, 256, 512,  1K,  2K,  4K,  8K, 16K,
   0.25K,   2,   2,   2,   2,   2,   2,
   0.50K,   3,   2,   3,   3,   3,   3,   3,
    1.0K,   3,   3,   3,   3,   3,   3,   3,   3,
    2.0K,   3,   3,   3,   3,   3,   3,   3,   3,   3,
    4.0K,   3,   3,   3,   3,   3,   3,   3,   3,   3,   3,
    8.0K,   3,   3,   3,   3,   3,   3,   3,   3,   3,   3,   3,
   16.0K,   3,   3,   3,   3,   3,   3,   3,   3,   3,   3,   3,   3,
   32.0K,   3,   3,   3,   3,   3,   3,   3,   3,   3,   3,   3,   3,   3,
   64.0K,   3,   3,   3,   3,   3,   3,   3,   3,   3,   3,   3,   3,   3,
  128.0K,   3,   3,   3,   5,   9,  15,  15,  15,  15,  15,  15,  15,  15,
  256.0K,   3,   3,   3,   5,   9,  15,  15,  15,  16,  16,  17,  15,  15,
  512.0K,   3,   3,   3,   5,   9,  15,  15,  15,  16,  16,  17,  17,  15,
 1024.0K,   3,   3,   3,   5,   9,  15,  15,  15,  16,  16,  17,  17,  17,
 2048.0K,   4,   5,   9,  18,  34,  68,  74, 144, 145, 156, 180,  22,  18,
 4096.0K,   4,   5,   9,  18,  34,  69,  76, 147, 150, 165, 202, 199,  42,
 8192.0K,   4,   5,   9,  18,  35,  69,  76, 147, 152, 170, 300, 210, 208,
16384.0K,   4,   5,   9,  18,  35,  69,  77, 148, 153, 171, 211, 211, 211,
*** Backward Read Latency ***
Stride,     4,   8,  16,  32,  64, 128, 256, 512,  1K,  2K,  4K,  8K, 16K,
   0.25K,   2,   2,   2,   2,   2,   2,
   0.50K,   3,   3,   3,   3,   3,   3,   3,
    1.0K,   3,   3,   3,   3,   3,   3,   3,   3,
    2.0K,   3,   3,   3,   3,   3,   3,   3,   3,   3,
    4.0K,   3,   3,   3,   3,   3,   3,   3,   3,   3,   3,
    8.0K,   3,   3,   3,   3,   3,   3,   3,   3,   3,   3,   3,
   16.0K,   3,   3,   3,   3,   3,   3,   3,   3,   3,   3,   3,   3,
   32.0K,   3,   3,   3,   3,   3,   3,   3,   3,   3,   3,   3,   3,   3,
   64.0K,   3,   3,   3,   3,   3,   3,   3,   3,   3,   3,   3,   3,   3,
  128.0K,   3,   3,   3,   5,   9,  15,  15,  15,  15,  15,  24,  15,  15,
  256.0K,   3,   3,   3,   5,   9,  15,  15,  15,  16,  16,  17,  15,  15,
  512.0K,   3,   3,   3,   5,   9,  15,  15,  15,  16,  16,  17,  17,  15,
 1024.0K,   3,   3,   3,   5,   9,  15,  15,  15,  16,  16,  17,  17,  17,
 2048.0K,   4,   5,   9,  17,  33,  68,  74, 144, 144, 155, 179,  19,  17,
 4096.0K,   4,   5,   9,  18,  34,  69,  76, 147, 150, 167, 200, 201,  55,
 8192.0K,   4,   5,   9,  18,  34,  69,  76, 148, 152, 170, 208, 205, 207,
16384.0K,   4,   5,   9,  18,  34,  69,  76, 148, 153, 172, 210, 211, 297,
*** BlockRandom Read Latency ***
Block,      8,  16,  32,  64, 128, 256, 512,  1K,  2K,  4K,  8K, 16K,
   0.50K,   3,
    1.0K,   3,   3,
    2.0K,   3,   3,   3,
    4.0K,   3,   3,   3,   3,
    8.0K,   3,   3,   3,   3,   3,
   16.0K,   3,   3,   3,   3,   3,   3,
   32.0K,   3,   3,   3,   3,   3,   3,   3,
   64.0K,   3,   3,   3,   3,   3,   3,   3,   3,
  128.0K,  12,  12,  12,  13,  13,  14,  15,  15,  15,
  256.0K,  12,  12,  12,  13,  13,  14,  15,  15,  15,  16,
  512.0K,  12,  12,  12,  13,  13,  14,  15,  15,  15,  16,  16,
 1024.0K,  12,  12,  12,  13,  13,  14,  15,  15,  15,  16,  16,  16,
 2048.0K,  50,  74,  83,  91, 110, 137, 156, 165, 170, 173, 176, 178,
 4096.0K,  50,  74,  83,  92, 111, 138, 157, 166, 170, 174, 177, 179,
 8192.0K,  51,  74,  83,  92, 111, 138, 157, 166, 170, 174, 177, 180,
16384.0K,  51,  74,  84,  91, 111, 138, 157, 167, 171, 174, 178, 179,
*** Random Read Latency ***
Stride,     4,   8,  16,  32,  64, 128, 256, 512,  1K,  2K,  4K,  8K, 16K,
   0.25K,   2,   2,   2,   2,   2,   2,
   0.50K,   2,   2,   3,   3,   3,   3,   3,
    1.0K,   3,   3,   3,   3,   3,   3,   3,   3,
    2.0K,   3,   3,   3,   3,   3,   3,   3,   3,   3,
    4.0K,   3,   3,   3,   3,   3,   3,   3,   3,   3,   3,
    8.0K,   3,   3,   3,   3,   3,   3,   3,   3,   3,   3,   3,
   16.0K,   3,   3,   3,   3,   3,   3,   3,   3,   3,   3,   3,   3,
   32.0K,   3,   3,   3,   3,   3,   3,   3,   3,   3,   3,   3,   3,   3,
   64.0K,   3,   3,   3,   3,   3,   3,   3,   3,   3,   3,   3,   3,   3,
  128.0K,   9,   9,   9,  11,  15,  15,  15,  15,  15,  17,  17,  18,  21,
  256.0K,  13,  13,  13,  14,  16,  16,  16,  16,  16,  17,  18,  19,  23,
  512.0K,  15,  15,  15,  15,  16,  16,  16,  16,  17,  17,  18,  19,  22,
 1024.0K,  16,  16,  16,  16,  16,  16,  16,  17,  17,  18,  19,  20,  23,
 2048.0K,  97, 100, 108, 128, 179, 179, 178, 179, 179, 179, 181,  24,  23,
 4096.0K, 157, 159, 164, 174, 197, 197, 197, 198, 199, 201, 208, 207,  55,
 8192.0K, 187, 189, 191, 197, 207, 207, 207, 207, 208, 210, 214, 214, 213,
16384.0K, 205, 206, 207, 209, 215, 214, 214, 214, 213, 214, 215, 215, 216,
*** CacheLine Forward Read Latency ***
Distance,   8,  16,  24,  32,  48,  64,  96, 128, 160, 192, 224, 256, 288,
    8.0K,   3,   3,   3,   3,   3,   3,   3,   3,   3,   3,   3,
   16.0K,   3,   3,   3,   3,   3,   3,   3,   3,   3,   3,   3,   3,
   32.0K,   3,   3,   3,   3,   3,   3,   3,   3,   3,   3,   3,   3,   3,
   64.0K,   3,   3,   3,   3,   3,   3,   3,   3,   3,   3,   3,   3,   3,
  128.0K,   7,   7,   7,   7,   7,  15,  15,  12,  12,  12,  12,  12,  12,
  256.0K,   8,   8,   8,   8,   8,  15,  15,  12,  12,  12,  12,  12,  12,
  512.0K,   8,   8,   8,   8,   8,  15,  15,  12,  12,  12,  12,  12,  12,
 1024.0K,   8,   8,   8,   8,   8,  15,  15,  12,  12,  12,  12,  12,  12,
 2048.0K,  73,  73,  73,  73,  73, 119, 119, 141, 140, 140, 140,  78,  78,
 4096.0K,  75,  75,  75,  75,  75, 121, 121, 143, 143, 142, 142,  79,  79,
 8192.0K,  75,  75,  75,  75,  75, 121, 121, 143, 143, 143, 143,  80,  80,
16384.0K,  75,  75,  75,  75,  75, 121, 121, 143, 143, 143, 143,  80,  80,
*** CacheLine Backward Read Latency ***
Distance,   8,  16,  24,  32,  48,  64,  96, 128, 160, 192, 224, 256, 288,
    8.0K,   3,   3,   3,   3,   3,   3,   3,   3,   3,   3,   3,
   16.0K,   3,   3,   3,   3,   3,   3,   3,   3,   3,   3,   3,   3,
   32.0K,   3,   3,   3,   3,   3,   3,   3,   3,   3,   3,   3,   3,   3,
   64.0K,   3,   3,   3,   3,   3,   3,   3,   3,   3,   3,   3,   3,   3,
  128.0K,   7,   7,   7,   7,   7,  15,  15,  12,  12,  12,  12,  12,  12,
  256.0K,   8,   8,   8,   8,   8,  15,  15,  12,  12,  12,  12,  12,  12,
  512.0K,   8,   8,   8,   8,   8,  15,  15,  12,  12,  12,  12,  12,  12,
 1024.0K,   8,   8,   8,   8,   8,  15,  15,  12,  12,  12,  12,  12,  12,
 2048.0K,  73,  73,  73,  73,  73, 141, 141, 141, 141, 140, 140, 140, 141,
 4096.0K,  75,  75,  75,  75,  75, 143, 142, 142, 143, 142, 143, 142, 142,
 8192.0K,  75,  75,  75,  75,  75, 143, 143, 143, 143, 143, 143, 143, 143,
16384.0K,  75,  75,  75,  75,  75, 143, 143, 143, 143, 143, 143, 143, 143,
BenchMemLat exit code: 0x0100
L1D cacheline size: 64 bytes      [Mode:6 Size:   128K, Stride:   512, #NOP:  0, UnRoll:64]
L2  cacheline size: 64 bytes      [Mode:6 Size:  2048K, Stride:   512, #NOP:  0, UnRoll:64]
Mem latency:  52.116ns( 151 clks) [Mode:1 Size: 16384K, Stride:  1024, #NOP:117, UnRoll:64]
L1D latency:   1.024ns(   3 clks) [Mode:1 Size:    64K, Stride:    64, #NOP:  0, UnRoll:64]
L2  latency:   3.185ns(   9 clks) [Mode:1 Size:  1024K, Stride:    64, #NOP:  0, UnRoll:64]