Copyright (C) 2003, 2009 Lavalys Consulting Group, Inc. All rights reserved.
everest_bench.dll build: 2.4.279.0 Nov 13 2009 13:45:42
CPUCount: 1, procMask: 0x00000001 Size of Memory: 2095540KB Priority:080
CPU#00 Vendor: AuthenticAMD CoreType:0x10100f62
CPU#00 Family: 1f Model: 06 Stepping: 2 Type: "AMD Sempron(tm) 140 Processor"
CPU#00 Features: TSC, FPU, CMOV, MMX, MMX+, 3DNow!, 3DNow!+, SSE, SSE2, SSE3, SSE4A, LZCNT, POPCNT, CMPXCHG8B
CPU#00 Frequency: 2706.20MHz  OS:5.1.2600 Service Pack 2
CPU#00 AffMask:0x00000001 APIC_ID:0x00000000 Phys_ID:000 Core_ID:00 SMT_ID:00 PhysMask:0x00000001 
CPU#00 L1I cache:    64KB,   64 byte cache line,  2 way, SMask:00000001
CPU#00 L1D cache:    64KB,   64 byte cache line,  2 way, SMask:00000001
CPU#00 L2  cache:  1024KB,   64 byte cache line, 16 way, SMask:00000001, exclusive
CPU#00 AffMask:0x00000001 APIC_ID:0x00000000 Phys_ID:000 Core_ID:00 SMT_ID:00 PhysMask:0x00000001 
Memory Latency ProcMask:0x00000001 #NOP:0
*** Linear Read Latency ***
Stride,     4,   8,  16,  32,  64, 128, 256, 512,  1K,  2K,  4K,  8K, 16K,
   0.25K,   2,   2,   2,   2,   2,   2,
   0.50K,   3,   3,   3,   3,   3,   3,   3,
    1.0K,   3,   3,   3,   3,   3,   3,   3,   3,
    2.0K,   3,   3,   3,   3,   3,   3,   3,   3,   3,
    4.0K,   3,   3,   3,   3,   3,   3,   3,   3,   3,   3,
    8.0K,   3,   3,   3,   3,   3,   3,   3,   3,   3,   3,   3,
   16.0K,   3,   3,   3,   3,   3,   3,   3,   3,   3,   3,   3,   3,
   32.0K,   3,   3,   3,   3,   3,   3,   3,   3,   3,   3,   3,   3,   3,
   64.0K,   3,   3,   3,   3,   3,   3,   3,   3,   3,   3,   3,   3,   3,
  128.0K,   3,   3,   3,   5,   9,  15,  15,  15,  15,  15,  15,  15,  15,
  256.0K,   3,   3,   3,   5,   9,  15,  15,  15,  16,  16,  17,  15,  15,
  512.0K,   3,   3,   3,   5,   9,  15,  15,  15,  16,  16,  17,  17,  15,
 1024.0K,   3,   3,   3,   5,   9,  15,  15,  15,  16,  16,  17,  17,  17,
 2048.0K,   4,   5,   8,  15,  28,  65,  72, 144, 144, 156, 179,  17,  17,
 4096.0K,   4,   5,   8,  15,  29,  66,  73, 146, 150, 168, 203, 198,  49,
 8192.0K,   4,   5,   8,  15,  29,  66,  74, 147, 152, 171, 208, 209, 209,
16384.0K,   4,   5,   8,  15,  29,  67,  74, 148, 153, 172, 212, 212, 213,
*** Backward Read Latency ***
Stride,     4,   8,  16,  32,  64, 128, 256, 512,  1K,  2K,  4K,  8K, 16K,
   0.25K,   2,   2,   2,   2,   2,   2,
   0.50K,   3,   3,   3,   3,   3,   3,   3,
    1.0K,   3,   3,   3,   3,   3,   3,   3,   3,
    2.0K,   3,   3,   3,   3,   3,   3,   3,   3,   3,
    4.0K,   3,   3,   3,   3,   3,   3,   3,   3,   3,   3,
    8.0K,   3,   3,   3,   3,   3,   3,   3,   3,   3,   3,   3,
   16.0K,   3,   3,   3,   3,   3,   3,   3,   3,   3,   3,   3,   3,
   32.0K,   3,   3,   3,   3,   3,   3,   3,   3,   3,   3,   3,   3,   3,
   64.0K,   3,   3,   3,   3,   3,   3,   3,   3,   3,   3,   3,   3,   3,
  128.0K,   3,   3,   3,   5,   9,  15,  15,  15,  15,  15,  24,  15,  15,
  256.0K,   3,   3,   3,   5,   9,  15,  15,  15,  16,  16,  17,  15,  15,
  512.0K,   3,   3,   3,   5,   9,  15,  15,  15,  16,  16,  17,  17,  15,
 1024.0K,   3,   3,   3,   5,   9,  15,  15,  15,  16,  16,  17,  17,  17,
 2048.0K,   4,   4,   8,  16,  27,  65,  72, 144, 144, 155, 180,  18,  17,
 4096.0K,   4,   5,   8,  16,  28,  66,  73, 147, 150, 167, 202, 197,  48,
 8192.0K,   4,   5,   8,  16,  28,  66,  74, 147, 152, 171, 208, 209, 209,
16384.0K,   4,   5,   8,  16,  28,  67,  74, 148, 153, 172, 212, 212, 213,
*** BlockRandom Read Latency ***
Block,      8,  16,  32,  64, 128, 256, 512,  1K,  2K,  4K,  8K, 16K,
   0.50K,   3,
    1.0K,   3,   3,
    2.0K,   3,   3,   3,
    4.0K,   3,   3,   3,   3,
    8.0K,   3,   3,   3,   3,   3,
   16.0K,   3,   3,   3,   3,   3,   3,
   32.0K,   3,   3,   3,   3,   3,   3,   3,
   64.0K,   3,   3,   3,   3,   3,   3,   3,   3,
  128.0K,  12,  12,  12,  13,  13,  14,  15,  15,  15,
  256.0K,  12,  12,  12,  13,  13,  14,  15,  15,  15,  16,
  512.0K,  12,  12,  12,  13,  13,  14,  15,  15,  15,  16,  16,
 1024.0K,  12,  12,  12,  13,  13,  14,  15,  15,  15,  16,  16,  16,
 2048.0K,  46,  72,  81,  89, 107, 136, 157, 166, 171, 174, 177, 178,
 4096.0K,  46,  72,  81,  93, 109, 136, 157, 167, 171, 175, 178, 179,
 8192.0K,  46,  72,  82,  97, 108, 137, 157, 167, 171, 175, 178, 179,
16384.0K,  47,  72,  82,  97, 109, 137, 157, 167, 171, 175, 178, 179,
*** Random Read Latency ***
Stride,     4,   8,  16,  32,  64, 128, 256, 512,  1K,  2K,  4K,  8K, 16K,
   0.25K,   2,   2,   2,   2,   2,   2,
   0.50K,   3,   3,   3,   3,   3,   3,   3,
    1.0K,   3,   3,   3,   3,   3,   3,   3,   3,
    2.0K,   3,   3,   3,   3,   3,   3,   3,   3,   3,
    4.0K,   3,   3,   3,   3,   3,   3,   3,   3,   3,   3,
    8.0K,   3,   3,   3,   3,   3,   3,   3,   3,   3,   3,   3,
   16.0K,   3,   3,   3,   3,   3,   3,   3,   3,   3,   3,   3,   3,
   32.0K,   3,   3,   3,   3,   3,   3,   3,   3,   3,   3,   3,   3,   3,
   64.0K,   3,   3,   3,   3,   3,   3,   3,   3,   3,   3,   3,   3,   3,
  128.0K,   9,   9,   9,  11,  15,  15,  15,  15,  15,  17,  17,  17,  23,
  256.0K,  13,  13,  13,  14,  16,  16,  16,  16,  16,  17,  18,  19,  23,
  512.0K,  15,  15,  15,  15,  16,  16,  16,  16,  17,  17,  18,  19,  21,
 1024.0K,  16,  16,  16,  16,  16,  16,  16,  17,  17,  18,  19,  20,  23,
 2048.0K,  97, 101, 109, 128, 179, 179, 179, 180, 180, 180, 181,  20,  23,
 4096.0K, 157, 160, 165, 175, 198, 199, 199, 199, 201, 203, 209, 209,  62,
 8192.0K, 188, 190, 192, 198, 209, 209, 209, 209, 210, 212, 216, 216, 214,
16384.0K, 206, 207, 208, 211, 216, 216, 216, 215, 215, 215, 217, 216, 217,
*** CacheLine Forward Read Latency ***
Distance,   8,  16,  24,  32,  48,  64,  96, 128, 160, 192, 224, 256, 288,
    8.0K,   3,   3,   3,   3,   3,   3,   3,   3,   3,   3,   3,
   16.0K,   3,   3,   3,   3,   3,   3,   3,   3,   3,   3,   3,   3,
   32.0K,   3,   3,   3,   3,   3,   3,   3,   3,   3,   3,   3,   3,   3,
   64.0K,   3,   3,   3,   3,   3,   3,   3,   3,   3,   3,   3,   3,   3,
  128.0K,   7,   7,   7,   7,   7,  16,  16,  12,  12,  12,  12,  12,  12,
  256.0K,   8,   8,   8,   8,   8,  15,  15,  12,  12,  12,  12,  12,  12,
  512.0K,   8,   8,   8,   8,   8,  15,  15,  12,  12,  12,  12,  12,  12,
 1024.0K,   8,   8,   8,   8,   8,  15,  15,  12,  12,  12,  12,  12,  12,
 2048.0K,  73,  73,  73,  73,  73, 112, 113, 139, 139, 139, 139,  72,  72,
 4096.0K,  75,  75,  75,  75,  75, 114, 114, 141, 141, 140, 140,  73,  73,
 8192.0K,  75,  75,  75,  75,  75, 115, 115, 141, 141, 141, 141,  73,  74,
16384.0K,  75,  75,  75,  75,  75, 115, 115, 141, 141, 141, 141,  74,  74,
*** CacheLine Backward Read Latency ***
Distance,   8,  16,  24,  32,  48,  64,  96, 128, 160, 192, 224, 256, 288,
    8.0K,   3,   3,   3,   3,   3,   3,   3,   3,   3,   3,   3,
   16.0K,   3,   3,   3,   3,   3,   3,   3,   3,   3,   3,   3,   3,
   32.0K,   3,   3,   3,   3,   3,   3,   3,   3,   3,   3,   3,   3,   3,
   64.0K,   3,   3,   3,   3,   3,   3,   3,   3,   3,   3,   3,   3,   3,
  128.0K,   7,   7,   7,   7,   7,  16,  16,  12,  12,  12,  12,  12,  12,
  256.0K,   8,   8,   8,   8,   8,  15,  15,  12,  12,  12,  12,  12,  12,
  512.0K,   8,   8,   8,   8,   8,  15,  15,  12,  12,  12,  12,  12,  12,
 1024.0K,   8,   8,   8,   8,   8,  15,  15,  12,  12,  12,  12,  12,  12,
 2048.0K,  73,  73,  73,  73,  73, 139, 139, 139, 139, 139, 139, 139, 139,
 4096.0K,  75,  75,  75,  75,  75, 141, 141, 141, 140, 141, 141, 141, 141,
 8192.0K,  75,  75,  75,  75,  75, 142, 142, 141, 141, 141, 141, 141, 141,
16384.0K,  75,  75,  75,  75,  75, 142, 142, 141, 141, 141, 141, 141, 141,
BenchMemLat exit code: 0x0100
L1D cacheline size: 64 bytes      [Mode:6 Size:   128K, Stride:   512, #NOP:  0, UnRoll:64]
L2  cacheline size: 64 bytes      [Mode:6 Size:  2048K, Stride:   512, #NOP:  0, UnRoll:64]
Mem latency:  55.676ns( 151 clks) [Mode:1 Size: 16384K, Stride:  1024, #NOP:103, UnRoll:64]
L1D latency:   1.097ns(   3 clks) [Mode:1 Size:    64K, Stride:    64, #NOP:  0, UnRoll:64]
L2  latency:   3.412ns(   9 clks) [Mode:1 Size:  1024K, Stride:    64, #NOP:  0, UnRoll:64]