Copyright (C) 2003, 2009 Lavalys Consulting Group, Inc. All rights reserved.
everest_bench.dll build: 2.4.273.0 Oct 21 2009 23:53:40
CPUCount: 1, procMask: 0x00000001 Size of Memory: 523764KB Priority:020
CPU#00 Vendor: AuthenticAMD CoreType:0x100005d0
CPU#00 Family: 5 Model: 0d Stepping: 0 Type: "AMD-K6(tm)-III Processor"
CPU#00 Features: TSC, FPU, MMX, 3DNow!, 3DNow!+, CMPXCHG8B
CPU#00 Frequency:  551.11MHz  OS:5.1.2600 Szervizcsomag 2
CPU#00 AffMask:0x00000001 APIC_ID:0x00000000 Phys_ID:000 Core_ID:00 SMT_ID:00 PhysMask:0x00000001 
CPU#00 L1I cache:    32KB,   32 byte cache line,  2 way, SMask:00000001
CPU#00 L1D cache:    32KB,   32 byte cache line,  2 way, SMask:00000001
CPU#00 L2  cache:   256KB,   32 byte cache line,  4 way, SMask:00000001
Memory Latency ProcMask:0x00000001 #NOP:0
*** Linear Read Latency ***
Stride,     4,   8,  16,  32,  64, 128, 256, 512,  1K,  2K,  4K,  8K, 16K,
   0.25K,   2,   2,   2,   2,   2,   2,
   0.50K,   2,   2,   2,   2,   2,   2,   2,
    1.0K,   2,   2,   2,   2,   2,   2,   2,   2,
    2.0K,   2,   2,   2,   2,   2,   2,   2,   2,   2,
    4.0K,   2,   2,   2,   2,   2,   2,   2,   2,   2,   2,
    8.0K,   2,   2,   2,   2,   2,   2,   2,   2,   2,   2,   2,
   16.0K,   2,   2,   2,   2,   2,   2,   2,   2,   2,   2,   2,   2,
   32.0K,   2,   2,   2,   2,   2,   2,   2,   2,   2,   2,   2,   2,   2,
   64.0K,   2,   3,   4,   6,  12,  12,  12,  12,  12,  12,  13,  13,  13,
  128.0K,   2,   3,   4,   6,  12,  12,  12,  12,  12,  12,  13,  13,  13,
  256.0K,   2,   3,   4,   6,  12,  12,  12,  12,  12,  12,  13,  13,  13,
  512.0K,   6,  12,  22,  48,  94,  92,  90,  87,  87,  88,  85,  13,  13,
 1024.0K,   6,  12,  23,  50, 101, 105, 108, 110, 105,  97,  99,  89,  20,
 2048.0K,   6,  12,  28,  53, 109, 140, 131, 130, 131, 133, 132, 104,  90,
 4096.0K,  11,  21,  42,  84, 169, 165, 168, 168, 167, 171, 183,  89,  88,
 8192.0K,  12,  22,  45,  90, 180, 179, 180, 180, 181, 181, 184, 171, 112,
16384.0K,  12,  23,  45,  90, 180, 180, 180, 181, 181, 182, 185, 183, 172,
*** Backward Read Latency ***
Stride,     4,   8,  16,  32,  64, 128, 256, 512,  1K,  2K,  4K,  8K, 16K,
   0.25K,   2,   2,   2,   2,   2,   2,
   0.50K,   2,   2,   2,   2,   2,   2,   2,
    1.0K,   2,   2,   2,   2,   2,   2,   2,   2,
    2.0K,   2,   2,   2,   2,   2,   2,   2,   2,   2,
    4.0K,   2,   2,   2,   2,   2,   2,   2,   2,   2,   2,
    8.0K,   2,   2,   2,   2,   2,   2,   2,   2,   2,   2,   2,
   16.0K,   2,   2,   2,   2,   2,   2,   2,   2,   2,   2,   2,   2,
   32.0K,   2,   2,   2,   2,   2,   2,   2,   2,   2,   2,   2,   2,   2,
   64.0K,   2,   3,   4,   6,  12,  12,  12,  12,  12,  12,  13,  13,  13,
  128.0K,   2,   3,   4,   6,  12,  12,  12,  12,  12,  12,  13,  13,  13,
  256.0K,   2,   3,   4,   6,  12,  12,  12,  12,  12,  12,  13,  13,  13,
  512.0K,   6,  11,  23,  46,  91, 101,  88,  93,  97,  92,  93,  13,  13,
 1024.0K,   8,  15,  24,  45,  89,  92,  91,  93,  87,  85,  91,  92,  20,
 2048.0K,   7,  13,  23,  55, 120, 117, 118, 124, 103, 110,  98,  93,  92,
 4096.0K,  12,  22,  42,  85, 169, 167, 169, 168, 169, 170, 173, 124, 103,
 8192.0K,  12,  24,  45,  90, 179, 180, 180, 180, 180, 181, 183, 175, 115,
16384.0K,  12,  24,  45,  90, 180, 180, 180, 180, 181, 182, 185, 183, 175,
*** BlockRandom Read Latency ***
Block,      8,  16,  32,  64, 128, 256, 512,  1K,  2K,  4K,  8K, 16K,
   0.25K,   2,
   0.50K,   2,   2,
    1.0K,   2,   2,   2,
    2.0K,   2,   2,   2,   2,
    4.0K,   2,   2,   2,   2,   2,
    8.0K,   2,   2,   2,   2,   2,   2,
   16.0K,   2,   2,   2,   2,   2,   2,   2,
   32.0K,   2,   2,   2,   2,   2,   2,   2,   2,
   64.0K,   6,   6,   6,   6,   6,   6,   6,   6,   8,
  128.0K,   6,   6,   6,   6,   6,   6,   6,   6,   9,  10,
  256.0K,   6,   6,   6,   6,   6,   6,   6,   6,   9,  10,  11,
  512.0K,  45,  46,  45,  48,  46,  45,  44,  47,  52,  50,  47,  65,
 1024.0K,  55,  51,  49,  50,  51,  51,  48,  48,  51,  56,  55,  79,
 2048.0K,  59,  61,  59,  66,  63,  65,  67,  67,  69,  70,  72,  87,
 4096.0K,  84,  84,  85,  84,  83,  83,  84,  84,  87,  88,  89, 108,
 8192.0K,  90,  90,  90,  90,  90,  90,  90,  90,  93,  94,  95, 115,
16384.0K,  90,  90,  90,  90,  90,  90,  90,  90,  93,  95,  95, 115,
*** Random Read Latency ***
Stride,     4,   8,  16,  32,  64, 128, 256, 512,  1K,  2K,  4K,  8K, 16K,
   0.25K,   2,   2,   2,   2,   2,   2,
   0.50K,   2,   2,   2,   2,   2,   2,   2,
    1.0K,   2,   2,   2,   2,   2,   2,   2,   2,
    2.0K,   2,   2,   2,   2,   2,   2,   2,   2,   2,
    4.0K,   2,   2,   2,   2,   2,   2,   2,   2,   2,   2,
    8.0K,   2,   2,   2,   2,   2,   2,   2,   2,   2,   2,   2,
   16.0K,   2,   2,   2,   2,   2,   2,   2,   2,   2,   2,   2,   2,
   32.0K,   2,   2,   2,   2,   2,   2,   2,   2,   2,   2,   2,   2,   2,
   64.0K,   6,   7,   7,   8,  12,  12,  12,  12,  12,  12,  13,  14,  15,
  128.0K,   9,   9,  10,  10,  12,  12,  12,  12,  12,  12,  13,  13,  13,
  256.0K,  11,  11,  11,  11,  12,  12,  12,  12,  12,  13,  13,  13,  13,
  512.0K,  54,  53,  59,  73,  93,  92, 101,  96, 112,  94,  93,  14,  15,
 1024.0K,  78,  82,  79,  94, 101, 111, 108, 113, 107, 107, 106,  96,  21,
 2048.0K, 105, 106, 112, 113, 136, 133, 139, 142, 137, 136, 132, 110,  95,
 4096.0K, 137, 138, 140, 149, 175, 174, 174, 172, 174, 171, 174, 124, 109,
 8192.0K, 160, 161, 164, 170, 185, 184, 185, 185, 185, 186, 183, 171, 134,
16384.0K, 173, 174, 176, 179, 186, 186, 187, 187, 187, 186, 185, 184, 171,
*** CacheLine Forward Read Latency ***
Distance,   8,  16,  24,  32,  48,  64,  96, 128, 160, 192, 224, 256, 288,
    8.0K,   2,   2,   2,   2,   2,   2,   2,   2,   2,   2,   2,
   16.0K,   2,   2,   2,   2,   2,   2,   2,   2,   2,   2,   2,   2,
   32.0K,   2,   2,   2,   2,   2,   2,   2,   2,   2,   2,   2,   2,   2,
   64.0K,   5,   5,   5,   5,   5,   7,   7,   7,   7,   7,   7,   7,   7,
  128.0K,   5,   5,   5,   5,   5,   7,   7,   7,   7,   7,   7,   7,   7,
  256.0K,   5,   5,   5,   5,   5,   7,   7,   7,   7,   7,   7,   7,   7,
  512.0K,  30,  29,  27,  27,  32,  72,  72,  77,  78,  72,  69,  66,  68,
 1024.0K,  36,  38,  35,  35,  43,  85,  83,  92,  81,  83,  88,  82,  84,
 2048.0K,  42,  51,  49,  48,  55, 112, 104, 114, 112, 118, 114, 112, 114,
 4096.0K,  68,  68,  68,  68,  76, 151, 151, 149, 151, 152, 149, 153, 151,
 8192.0K,  74,  74,  74,  74,  82, 163, 163, 164, 164, 164, 164, 164, 163,
16384.0K,  74,  74,  74,  75,  83, 164, 164, 164, 164, 164, 164, 164, 164,
*** CacheLine Backward Read Latency ***
Distance,   8,  16,  24,  32,  48,  64,  96, 128, 160, 192, 224, 256, 288,
    8.0K,   2,   2,   2,   2,   2,   2,   2,   2,   2,   2,   2,
   16.0K,   2,   2,   2,   2,   2,   2,   2,   2,   2,   2,   2,   2,
   32.0K,   2,   2,   2,   2,   2,   2,   2,   2,   2,   2,   2,   2,   2,
   64.0K,   5,   5,   5,   5,   5,   7,   7,   7,   7,   7,   7,   7,   7,
  128.0K,   5,   5,   5,   5,   5,   7,   7,   7,   7,   7,   7,   7,   7,
  256.0K,   5,   5,   5,   5,   5,   7,   7,   7,   7,   7,   7,   7,   7,
  512.0K,  33,  31,  30,  31,  38,  81,  79,  84,  78,  83,  74,  73,  80,
 1024.0K,  38,  37,  39,  36,  45,  90,  94,  93,  91,  92,  93,  83,  88,
 2048.0K,  50,  53,  54,  54,  59, 123, 119, 122, 123, 122, 121, 123, 121,
 4096.0K,  67,  67,  68,  67,  76, 153, 152, 153, 153, 153, 151, 151, 152,
 8192.0K,  74,  74,  74,  74,  82, 164, 164, 163, 163, 164, 163, 163, 163,
16384.0K,  74,  74,  74,  75,  83, 164, 164, 164, 164, 164, 164, 164, 164,
BenchMemLat exit code: 0x0100
L1D cacheline size: 64 bytes      [Mode:6 Size:    64K, Stride:   512, #NOP:  0, UnRoll:64]
L2  cacheline size: 64 bytes      [Mode:6 Size:   512K, Stride:   512, #NOP:  0, UnRoll:64]
Mem latency: 160.442ns(  88 clks) [Mode:1 Size: 16384K, Stride:  1024, #NOP: 94, UnRoll:64]
L1D latency:   3.685ns(   2 clks) [Mode:1 Size:    32K, Stride:    32, #NOP:  0, UnRoll:64]
L2  latency:   8.222ns(   5 clks) [Mode:1 Size:   256K, Stride:    32, #NOP:  7, UnRoll:64]
Running time:    741 seconds.
