Copyright (C) 2003, 2009 Lavalys Consulting Group, Inc. All rights reserved.
everest_bench.dll build: 2.4.257.0 Jan 19 2009 01:57:35
CPUCount: 2, procMask: 0x00000003 Size of Memory: 1047916KB Priority:080
CPU#00 Vendor: AuthenticAMD CoreType:0x10040f33
CPU#00 Family: f Modell: 43 Stepping: 3 Type: "AMD Athlon(tm) 64 X2 Dual Core Processor 6400+"
CPU#00 Features: TSC, FPU, CMOV, MMX, MMX+, 3DNow!, 3DNow!+, SSE, SSE2, SSE3, CMPXCHG8B
CPU#00 Frequency: 3199.88MHz  OS:5.1.2600 Service Pack 2
CPU#00 AffMask:0x00000001 APIC_ID:0x00000000 Phys_ID:000 Core_ID:00 SMT_ID:00 PhysMask:0x00000003 
CPU#00 L1I cache:    64KB,   64 byte cache line,  2 way, SMask:00000001
CPU#00 L1D cache:    64KB,   64 byte cache line,  2 way, SMask:00000001
CPU#00 L2  cache:  1024KB,   64 byte cache line, 16 way, SMask:00000001, exclusive
CPU#01 Vendor: AuthenticAMD CoreType:0x10040f33
CPU#01 Family: f Modell: 43 Stepping: 3 Type: "AMD Athlon(tm) 64 X2 Dual Core Processor 6400+"
CPU#01 Features: TSC, FPU, CMOV, MMX, MMX+, 3DNow!, 3DNow!+, SSE, SSE2, SSE3, CMPXCHG8B
CPU#01 Frequency: 3199.88MHz  OS:5.1.2600 Service Pack 2
CPU#01 AffMask:0x00000002 APIC_ID:0x00000001 Phys_ID:000 Core_ID:01 SMT_ID:00 PhysMask:0x00000003 
CPU#01 L1I cache:    64KB,   64 byte cache line,  2 way, SMask:00000002
CPU#01 L1D cache:    64KB,   64 byte cache line,  2 way, SMask:00000002
CPU#01 L2  cache:  1024KB,   64 byte cache line, 16 way, SMask:00000002, exclusive
CPU#00 AffMask:0x00000001 APIC_ID:0x00000000 Phys_ID:000 Core_ID:00 SMT_ID:00 PhysMask:0x00000003 
CPU#01 AffMask:0x00000002 APIC_ID:0x00000001 Phys_ID:000 Core_ID:01 SMT_ID:00 PhysMask:0x00000003 
Parameters: "-ph -d4094 -l "
Memory Latency ProcMask:0x00000001 #NOP:0
*** Linear Read Latency ***
Stride,     4,   8,  16,  32,  64, 128, 256, 512,  1K,  2K,  4K,  8K, 16K,
   0.25K,   3,   3,   3,   3,   3,   3,
   0.50K,   3,   3,   3,   3,   3,   3,   3,
    1.0K,   3,   3,   3,   3,   3,   3,   3,   3,
    2.0K,   3,   3,   3,   3,   3,   3,   3,   3,   3,
    4.0K,   3,   3,   3,   3,   3,   3,   3,   3,   3,   3,
    8.0K,   3,   3,   3,   3,   3,   3,   3,   3,   3,   3,   3,
   16.0K,   3,   3,   3,   3,   3,   3,   3,   3,   3,   3,   3,   3,
   32.0K,   3,   3,   3,   3,   3,   3,   3,   3,   3,   3,   3,   3,   3,
   64.0K,   3,   3,   3,   3,   3,   3,   3,   3,   3,   3,   3,   3,   3,
  128.0K,   4,   4,   5,  16,  17,  12,  12,  12,  12,  12,  18,  19,  19,
  256.0K,   4,   4,   5,  16,  17,  12,  13,  13,  14,  17,  19,  18,  18,
  512.0K,   4,   4,   5,  16,  17,  12,  13,  13,  14,  17,  19,  19,  18,
 1024.0K,   4,   4,   5,  16,  17,  12,  13,  13,  14,  17,  19,  19,  19,
 2048.0K,   4,   8,  14,  29,  56, 133, 136, 142, 155, 180, 182,  20,  19,
 4096.0K,   4,   8,  14,  30,  56, 133, 136, 143, 154, 178, 186, 184,  30,
 8192.0K,   4,   8,  14,  30,  56, 133, 136, 142, 154, 182, 186, 186, 185,
16384.0K,   4,   8,  14,  30,  56, 133, 136, 143, 156, 180, 187, 187, 186,
*** Backward Read Latency ***
Stride,     4,   8,  16,  32,  64, 128, 256, 512,  1K,  2K,  4K,  8K, 16K,
   0.25K,   3,   3,   3,   3,   3,   3,
   0.50K,   3,   3,   3,   3,   3,   3,   3,
    1.0K,   3,   3,   3,   3,   3,   3,   3,   3,
    2.0K,   3,   3,   3,   3,   3,   3,   3,   3,   3,
    4.0K,   3,   3,   3,   3,   3,   3,   3,   3,   3,   3,
    8.0K,   3,   3,   3,   3,   3,   3,   3,   3,   3,   3,   3,
   16.0K,   3,   3,   3,   3,   3,   3,   3,   3,   3,   3,   3,   3,
   32.0K,   3,   3,   3,   3,   3,   3,   3,   3,   3,   3,   3,   3,   3,
   64.0K,   3,   3,   3,   3,   3,   3,   3,   3,   3,   3,   3,   3,   3,
  128.0K,   4,   6,   8,  16,  17,  12,  12,  12,  12,  12,  18,  19,  22,
  256.0K,   4,   6,   8,  16,  17,  12,  13,  13,  14,  17,  19,  18,  18,
  512.0K,   4,   6,   8,  16,  17,  12,  13,  13,  14,  17,  19,  19,  18,
 1024.0K,   4,   6,   8,  16,  17,  12,  13,  13,  14,  17,  19,  19,  19,
 2048.0K,   5,   9,  15,  30,  55, 133, 136, 142, 154, 180, 181,  20,  20,
 4096.0K,   5,   9,  15,  30,  56, 133, 136, 143, 156, 182, 185, 184,  41,
 8192.0K,   5,   9,  15,  30,  56, 133, 136, 143, 156, 182, 186, 186, 185,
16384.0K,   5,   9,  15,  30,  56, 133, 136, 143, 156, 182, 220, 187, 187,
*** BlockRandom Read Latency ***
Block,      8,  16,  32,  64, 128, 256, 512,  1K,  2K,  4K,  8K, 16K,
   0.50K,   3,
    1.0K,   3,   3,
    2.0K,   3,   3,   3,
    4.0K,   3,   3,   3,   3,
    8.0K,   3,   3,   3,   3,   3,
   16.0K,   3,   3,   3,   3,   3,   3,
   32.0K,   3,   3,   3,   3,   3,   3,   3,
   64.0K,   3,   3,   3,   3,   3,   3,   3,   3,
  128.0K,  19,  18,  18,  18,  16,  15,  13,  13,  13,
  256.0K,  19,  18,  18,  17,  16,  15,  14,  13,  13,  17,
  512.0K,  19,  18,  18,  17,  16,  15,  14,  13,  13,  17,  18,
 1024.0K,  19,  18,  18,  17,  16,  15,  14,  13,  13,  17,  18,  20,
 2048.0K,  80,  87,  90,  94, 120, 146, 155, 160, 165, 171, 173, 174,
 4096.0K,  81,  87,  91,  94, 121, 146, 157, 160, 166, 171, 173, 174,
 8192.0K,  81,  87,  91,  94, 121, 141, 156, 161, 166, 171, 173, 174,
16384.0K,  81,  87,  91,  95, 125, 149, 157, 161, 166, 171, 173, 174,
*** Random Read Latency ***
Stride,     4,   8,  16,  32,  64, 128, 256, 512,  1K,  2K,  4K,  8K, 16K,
   0.25K,   3,   3,   3,   3,   3,   3,
   0.50K,   3,   3,   3,   3,   3,   3,   3,
    1.0K,   3,   3,   3,   3,   3,   3,   3,   3,
    2.0K,   3,   3,   3,   3,   3,   3,   3,   3,   3,
    4.0K,   3,   3,   3,   3,   3,   3,   3,   3,   3,   3,
    8.0K,   3,   3,   3,   3,   3,   3,   3,   3,   3,   3,   3,
   16.0K,   3,   3,   3,   3,   3,   3,   3,   3,   3,   3,   3,   3,
   32.0K,   3,   3,   3,   3,   3,   3,   3,   3,   3,   3,   3,   3,   3,
   64.0K,   3,   3,   3,   3,   3,   3,   3,   3,   3,   3,   3,   3,   3,
  128.0K,   9,  10,  10,  12,  13,  12,  13,  13,  14,  17,  23,  23,  23,
  256.0K,  15,  15,  15,  15,  17,  17,  17,  18,  18,  19,  20,  23,  23,
  512.0K,  17,  17,  17,  17,  18,  19,  18,  19,  19,  20,  20,  20,  23,
 1024.0K,  19,  19,  18,  19,  20,  20,  20,  20,  19,  20,  20,  20,  21,
 2048.0K,  94,  97, 104, 123, 174, 174, 174, 174, 175, 175, 174,  20,  21,
 4096.0K, 142, 144, 148, 158, 181, 181, 181, 181, 181, 182, 184, 183,  40,
 8192.0K, 165, 166, 168, 173, 184, 184, 184, 184, 184, 185, 187, 186, 185,
16384.0K, 176, 177, 178, 180, 186, 185, 185, 185, 186, 187, 188, 188, 187,
*** CacheLine Forward Read Latency ***
Distance,   8,  16,  24,  32,  48,  64,  96, 128, 160, 192, 224, 256, 288,
    8.0K,   3,   3,   3,   3,   3,   3,   3,   3,   3,   3,   3,
   16.0K,   3,   3,   3,   3,   3,   3,   3,   3,   3,   3,   3,   3,
   32.0K,   3,   3,   3,   3,   3,   3,   3,   3,   3,   3,   3,   3,   3,
   64.0K,   3,   3,   3,   3,   3,   3,   3,   3,   3,   3,   3,   3,   3,
  128.0K,   7,   7,   7,   7,   7,  17,  17,  17,  17,  17,  17,  17,  17,
  256.0K,   8,   8,   8,   8,   8,  17,  17,  17,  17,  17,  17,  17,  17,
  512.0K,   8,   8,   8,   8,   8,  17,  17,  17,  17,  17,  17,  17,  17,
 1024.0K,   8,   8,   8,   8,   8,  17,  17,  17,  17,  17,  17,  17,  17,
 2048.0K,  71,  71,  71,  71,  71, 137, 137, 136, 136, 136, 136, 136, 136,
 4096.0K,  72,  72,  72,  72,  72, 138, 138, 136, 136, 136, 136, 136, 136,
 8192.0K,  72,  72,  72,  72,  72, 138, 138, 137, 137, 137, 137, 137, 136,
16384.0K,  72,  72,  72,  72,  72, 138, 138, 137, 137, 137, 137, 137, 137,
*** CacheLine Backward Read Latency ***
Distance,   8,  16,  24,  32,  48,  64,  96, 128, 160, 192, 224, 256, 288,
    8.0K,   3,   3,   3,   3,   3,   3,   3,   3,   3,   3,   3,
   16.0K,   3,   3,   3,   3,   3,   3,   3,   3,   3,   3,   3,   3,
   32.0K,   3,   3,   3,   3,   3,   3,   3,   3,   3,   3,   3,   3,   3,
   64.0K,   3,   3,   3,   3,   3,   3,   3,   3,   3,   3,   3,   3,   3,
  128.0K,   7,   7,   7,   7,   7,  17,  17,  17,  17,  17,  17,  17,  17,
  256.0K,   8,   8,   8,   8,   8,  17,  17,  17,  17,  17,  17,  17,  17,
  512.0K,   8,   8,   8,   8,   8,  17,  17,  17,  17,  17,  17,  17,  17,
 1024.0K,   8,   8,   8,   8,   8,  17,  17,  17,  17,  17,  17,  17,  17,
 2048.0K,  71,  71,  71,  71,  71, 137, 137, 136, 136, 136, 136, 136, 136,
 4096.0K,  72,  72,  72,  72,  71, 137, 138, 136, 136, 136, 136, 136, 136,
 8192.0K,  72,  72,  72,  72,  72, 138, 138, 137, 137, 137, 137, 137, 137,
16384.0K,  72,  72,  72,  72,  72, 138, 138, 137, 137, 137, 137, 137, 137,
BenchMemLat exit code: 0x0100
L1D cacheline size: 64 bytes      [Mode:6 Size:   128K, Stride:   512, #NOP:  0, UnRoll:64]
L2  cacheline size: 64 bytes      [Mode:6 Size:  2048K, Stride:   512, #NOP:  0, UnRoll:64]
Mem latency:  47.219ns( 151 clks) [Mode:1 Size: 16384K, Stride:  1024, #NOP: 21, UnRoll:64]
L1D latency:   0.928ns(   3 clks) [Mode:1 Size:    64K, Stride:    64, #NOP:  0, UnRoll:64]
L2  latency:   3.774ns(  12 clks) [Mode:1 Size:  1024K, Stride:    64, #NOP: 21, UnRoll:64]
Running time:    107 seconds.
