Copyright (C) 2003, 2009 Lavalys Consulting Group, Inc. All rights reserved.
everest_bench.dll build: 2.4.273.0 Oct 21 2009 23:53:40
CPUCount: 1, procMask: 0x00000001 Size of Memory: 523764KB Priority:020
CPU#00 Vendor: AuthenticAMD CoreType:0x10000570
CPU#00 Family: 5 Modell: 07 Stepping: 0 Type: "AMD-K6tm w/ multimedia extensions"
CPU#00 Features: TSC, FPU, MMX, CMPXCHG8B
CPU#00 Frequency:  233.83MHz  OS:5.1.2600 Szervizcsomag 2
CPU#00 AffMask:0x00000001 APIC_ID:0x00000000 Phys_ID:000 Core_ID:00 SMT_ID:00 PhysMask:0x00000001 
CPU#00 L1I cache:    32KB,   32 byte cache line,  2 way, SMask:00000001
CPU#00 L1D cache:    32KB,   32 byte cache line,  2 way, SMask:00000001
Memory Latency ProcMask:0x00000001 #NOP:0
*** Linear Read Latency ***
Stride,     4,   8,  16,  32,  64, 128, 256, 512,  1K,  2K,  4K,  8K, 16K,
   0.25K,   2,   2,   2,   2,   2,   2,
   0.50K,   2,   2,   2,   2,   2,   2,   2,
    1.0K,   2,   2,   2,   2,   2,   2,   2,   2,
    2.0K,   2,   2,   2,   2,   2,   2,   2,   2,   2,
    4.0K,   2,   2,   2,   2,   2,   2,   2,   2,   2,   2,
    8.0K,   2,   2,   2,   2,   2,   2,   2,   2,   2,   2,   2,
   16.0K,   2,   2,   2,   2,   2,   2,   2,   2,   2,   2,   2,   2,
   32.0K,   2,   2,   2,   2,   2,   2,   2,   2,   2,   2,   2,   2,   2,
   64.0K,   4,   7,  14,  28,  28,  28,  28,  28,  28,  28,  27,  26,  25,
  128.0K,   4,   7,  14,  28,  28,  28,  28,  28,  29,  28,  28,  27,  27,
  256.0K,   4,   7,  14,  28,  28,  28,  28,  28,  28,  28,  28,  28,  27,
  512.0K,   5,   7,  15,  30,  31,  30,  30,  30,  30,  28,  29,  28,  28,
 1024.0K,   5,   8,  15,  30,  30,  30,  30,  31,  32,  38,  46,  46,  46,
 2048.0K,   5,   9,  18,  45,  46,  46,  44,  43,  48,  52,  59,  48,  46,
 4096.0K,   8,  15,  29,  57,  58,  57,  58,  58,  61,  65,  73,  49,  46,
 8192.0K,   9,  15,  31,  61,  62,  62,  62,  63,  65,  70,  78,  74,  55,
16384.0K,   9,  15,  31,  62,  62,  62,  62,  63,  65,  70,  79,  79,  75,
*** Backward Read Latency ***
Stride,     4,   8,  16,  32,  64, 128, 256, 512,  1K,  2K,  4K,  8K, 16K,
   0.25K,   2,   2,   2,   2,   2,   2,
   0.50K,   2,   2,   2,   2,   2,   2,   2,
    1.0K,   2,   2,   2,   2,   2,   2,   2,   2,
    2.0K,   2,   2,   2,   2,   2,   2,   2,   2,   2,
    4.0K,   2,   2,   2,   2,   2,   2,   2,   2,   2,   2,
    8.0K,   2,   2,   2,   2,   2,   2,   2,   2,   2,   2,   2,
   16.0K,   2,   2,   2,   2,   2,   2,   2,   2,   2,   2,   2,   2,
   32.0K,   2,   2,   2,   2,   2,   2,   2,   2,   2,   2,   2,   2,   2,
   64.0K,   4,   7,  14,  28,  28,  28,  28,  30,  28,  29,  27,  26,  25,
  128.0K,   4,   7,  14,  28,  28,  29,  29,  28,  29,  28,  28,  27,  27,
  256.0K,   4,   7,  14,  29,  29,  28,  29,  29,  31,  28,  28,  29,  27,
  512.0K,   5,   8,  15,  31,  30,  30,  29,  30,  32,  29,  30,  28,  28,
 1024.0K,   5,   9,  18,  33,  36,  35,  35,  36,  39,  42,  52,  47,  45,
 2048.0K,   6,   9,  16,  30,  31,  34,  34,  35,  38,  48,  59,  50,  47,
 4096.0K,   8,  14,  29,  59,  58,  58,  58,  59,  61,  65,  73,  59,  51,
 8192.0K,   9,  15,  31,  61,  61,  62,  62,  63,  65,  69,  78,  73,  56,
16384.0K,   9,  15,  31,  62,  62,  62,  62,  63,  65,  70,  79,  79,  74,
*** BlockRandom Read Latency ***
Block,      8,  16,  32,  64, 128, 256, 512,  1K,  2K,  4K,  8K, 16K,
   0.25K,   2,
   0.50K,   2,   2,
    1.0K,   2,   2,   2,
    2.0K,   2,   2,   2,   2,
    4.0K,   2,   2,   2,   2,   2,
    8.0K,   2,   2,   2,   2,   2,   2,
   16.0K,   2,   2,   2,   2,   2,   2,   2,
   32.0K,   2,   2,   2,   2,   2,   2,   2,   2,
   64.0K,  28,  28,  28,  28,  28,  28,  28,  28,  28,
  128.0K,  28,  28,  28,  29,  28,  28,  28,  28,  28,  28,
  256.0K,  28,  28,  28,  28,  28,  28,  28,  28,  28,  28,  28,
  512.0K,  31,  30,  30,  30,  30,  29,  30,  34,  31,  31,  30,  30,
 1024.0K,  35,  36,  34,  36,  34,  34,  33,  35,  35,  36,  38,  36,
 2048.0K,  45,  45,  46,  44,  44,  44,  44,  41,  43,  43,  40,  41,
 4096.0K,  58,  57,  58,  57,  57,  57,  57,  57,  57,  57,  57,  57,
 8192.0K,  61,  61,  61,  61,  61,  61,  61,  61,  61,  61,  61,  61,
16384.0K,  61,  62,  62,  62,  62,  61,  61,  61,  62,  62,  61,  62,
*** Random Read Latency ***
Stride,     4,   8,  16,  32,  64, 128, 256, 512,  1K,  2K,  4K,  8K, 16K,
   0.25K,   2,   2,   2,   2,   2,   2,
   0.50K,   2,   2,   2,   2,   2,   2,   2,
    1.0K,   2,   2,   2,   2,   2,   2,   2,   2,
    2.0K,   2,   2,   2,   2,   2,   2,   2,   2,   2,
    4.0K,   2,   2,   2,   2,   2,   2,   2,   2,   2,   2,
    8.0K,   2,   2,   2,   2,   2,   2,   2,   2,   2,   2,   2,
   16.0K,   2,   2,   2,   2,   2,   2,   2,   2,   2,   2,   2,   2,
   32.0K,   2,   2,   2,   2,   2,   2,   2,   2,   2,   2,   2,   2,   2,
   64.0K,  20,  20,  22,  28,  28,  28,  28,  28,  30,  28,  27,  26,  25,
  128.0K,  25,  25,  26,  28,  28,  28,  28,  28,  28,  28,  28,  27,  27,
  256.0K,  27,  27,  28,  28,  28,  28,  28,  28,  28,  28,  28,  28,  27,
  512.0K,  28,  28,  29,  29,  29,  31,  33,  29,  30,  30,  31,  28,  28,
 1024.0K,  41,  41,  43,  45,  43,  43,  44,  43,  44,  44,  53,  46,  45,
 2048.0K,  50,  50,  51,  55,  56,  55,  57,  59,  57,  57,  62,  53,  47,
 4096.0K,  62,  63,  65,  72,  73,  72,  73,  73,  73,  72,  74,  59,  49,
 8192.0K,  73,  74,  75,  80,  80,  80,  80,  80,  80,  80,  80,  76,  66,
16384.0K,  84,  85,  86,  88,  88,  88,  88,  88,  88,  87,  88,  87,  82,
*** CacheLine Forward Read Latency ***
Distance,   8,  16,  24,  32,  48,  64,  96, 128, 160, 192, 224, 256, 288,
    8.0K,   2,   2,   2,   2,   2,   2,   2,   2,   2,   2,   2,
   16.0K,   2,   2,   2,   2,   2,   2,   2,   2,   2,   2,   2,   2,
   32.0K,   2,   2,   2,   2,   2,   2,   2,   2,   2,   2,   2,   2,   2,
   64.0K,  10,  10,  10,  19,  19,  21,  19,  19,  19,  19,  19,  19,  19,
  128.0K,  10,  11,  11,  19,  19,  20,  19,  19,  19,  19,  19,  19,  19,
  256.0K,  10,  10,  10,  19,  19,  19,  19,  19,  19,  19,  19,  19,  19,
  512.0K,  11,  11,  12,  21,  21,  21,  22,  23,  22,  22,  22,  21,  21,
 1024.0K,  14,  14,  13,  24,  24,  26,  25,  23,  24,  25,  26,  24,  26,
 2048.0K,  19,  19,  19,  34,  35,  33,  33,  35,  32,  32,  35,  34,  33,
 4096.0K,  26,  26,  26,  46,  46,  46,  46,  46,  46,  46,  46,  46,  46,
 8192.0K,  28,  28,  28,  50,  50,  50,  50,  50,  50,  50,  50,  50,  50,
16384.0K,  28,  28,  28,  50,  50,  50,  50,  50,  50,  50,  50,  50,  50,
*** CacheLine Backward Read Latency ***
Distance,   8,  16,  24,  32,  48,  64,  96, 128, 160, 192, 224, 256, 288,
    8.0K,   2,   2,   2,   2,   2,   2,   2,   2,   2,   2,   2,
   16.0K,   2,   2,   2,   2,   2,   2,   2,   2,   2,   2,   2,   2,
   32.0K,   2,   2,   2,   2,   2,   2,   2,   2,   2,   2,   2,   2,   2,
   64.0K,  10,  10,  10,  19,  19,  19,  19,  19,  19,  19,  19,  19,  19,
  128.0K,  10,  10,  11,  19,  19,  19,  19,  19,  19,  19,  19,  19,  19,
  256.0K,  10,  10,  10,  19,  19,  19,  19,  19,  19,  19,  19,  19,  19,
  512.0K,  11,  11,  11,  23,  20,  20,  21,  21,  22,  21,  22,  20,  19,
 1024.0K,  15,  15,  15,  27,  26,  26,  26,  26,  27,  27,  26,  27,  26,
 2048.0K,  19,  19,  20,  36,  36,  36,  37,  36,  35,  37,  36,  37,  37,
 4096.0K,  26,  26,  25,  46,  46,  47,  46,  46,  46,  46,  46,  46,  47,
 8192.0K,  28,  28,  28,  50,  50,  50,  50,  50,  50,  50,  50,  50,  50,
16384.0K,  28,  28,  28,  50,  50,  50,  50,  50,  50,  50,  50,  50,  50,
BenchMemLat exit code: 0x0100
L1D cacheline size: 32 bytes      [Mode:6 Size:    64K, Stride:   512, #NOP:  0, UnRoll:64]
Mem latency: 230.587ns(  54 clks) [Mode:1 Size: 16384K, Stride:  1024, #NOP: 16, UnRoll:32]
L1D latency:   9.695ns(   2 clks) [Mode:1 Size:    32K, Stride:    32, #NOP:  0, UnRoll:64]
Running time:    945 seconds.
