Copyright (C) 2003, 2009 Lavalys Consulting Group, Inc. All rights reserved.
everest_bench.dll build: 2.4.257.0 Jan 19 2009 01:57:35
CPUCount: 2, procMask: 0x00000003 Size of Memory: 3144940KB Priority:080
CPU#00 Vendor: AuthenticAMD CoreType:0x10060fb1
CPU#00 Family: f Modell: 6b Stepping: 1 Type: "AMD Athlon(tm) 64 X2 Dual Core Processor 4000+"
CPU#00 Features: TSC, FPU, CMOV, MMX, MMX+, 3DNow!, 3DNow!+, SSE, SSE2, SSE3, CMPXCHG8B
CPU#00 Frequency: 2094.82MHz  OS:5.1.2600 Service Pack 2
CPU#00 AffMask:0x00000001 APIC_ID:0x00000000 Phys_ID:000 Core_ID:00 SMT_ID:00 PhysMask:0x00000003 
CPU#00 L1I cache:    64KB,   64 byte cache line,  2 way, SMask:00000001
CPU#00 L1D cache:    64KB,   64 byte cache line,  2 way, SMask:00000001
CPU#00 L2  cache:   512KB,   64 byte cache line, 16 way, SMask:00000001, exclusive
CPU#01 Vendor: AuthenticAMD CoreType:0x10060fb1
CPU#01 Family: f Modell: 6b Stepping: 1 Type: "AMD Athlon(tm) 64 X2 Dual Core Processor 4000+"
CPU#01 Features: TSC, FPU, CMOV, MMX, MMX+, 3DNow!, 3DNow!+, SSE, SSE2, SSE3, CMPXCHG8B
CPU#01 Frequency: 2094.79MHz  OS:5.1.2600 Service Pack 2
CPU#01 AffMask:0x00000002 APIC_ID:0x00000001 Phys_ID:000 Core_ID:01 SMT_ID:00 PhysMask:0x00000003 
CPU#01 L1I cache:    64KB,   64 byte cache line,  2 way, SMask:00000002
CPU#01 L1D cache:    64KB,   64 byte cache line,  2 way, SMask:00000002
CPU#01 L2  cache:   512KB,   64 byte cache line, 16 way, SMask:00000002, exclusive
CPU#00 AffMask:0x00000001 APIC_ID:0x00000000 Phys_ID:000 Core_ID:00 SMT_ID:00 PhysMask:0x00000003 
CPU#01 AffMask:0x00000002 APIC_ID:0x00000001 Phys_ID:000 Core_ID:01 SMT_ID:00 PhysMask:0x00000003 
Parameters: "-ph -d4094 -l "
Memory Latency ProcMask:0x00000001 #NOP:0
*** Linear Read Latency ***
Stride,     4,   8,  16,  32,  64, 128, 256, 512,  1K,  2K,  4K,  8K, 16K,
   0.25K,   3,   3,   3,   3,   3,   3,
   0.50K,   3,   3,   3,   3,   3,   3,   3,
    1.0K,   3,   3,   3,   3,   3,   3,   3,   3,
    2.0K,   3,   3,   3,   3,   3,   3,   3,   3,   3,
    4.0K,   3,   3,   3,   3,   3,   3,   3,   3,   3,   3,
    8.0K,   3,   3,   3,   3,   3,   3,   3,   3,   3,   3,   3,
   16.0K,   3,   3,   3,   3,   3,   3,   3,   3,   3,   3,   3,   3,
   32.0K,   3,   3,   3,   3,   3,   3,   3,   3,   3,   3,   3,   3,   3,
   64.0K,   3,   3,   3,   3,   3,   3,   3,   3,   3,   3,   3,   3,   3,
  128.0K,   4,   5,   6,  19,  22,  14,  14,  14,  14,  14,  20,  20,  20,
  256.0K,   4,   5,   6,  19,  22,  20,  20,  20,  21,  22,  24,  20,  20,
  512.0K,   4,   5,   6,  19,  22,  20,  20,  20,  21,  22,  24,  24,  20,
 1024.0K,   4,   8,  14,  30,  54, 118, 119, 121, 127, 137, 158,  24,  24,
 2048.0K,   4,   8,  14,  30,  54, 118, 119, 122, 128, 138, 162, 162,  24,
 4096.0K,   4,   8,  14,  30,  54, 118, 119, 124, 132, 148, 188, 172, 179,
 8192.0K,   4,   8,  14,  31,  55, 121, 124, 128, 134, 152, 186, 180, 179,
16384.0K,   4,   8,  14,  31,  55, 119, 121, 125, 132, 150, 187, 182, 185,
*** Backward Read Latency ***
Stride,     4,   8,  16,  32,  64, 128, 256, 512,  1K,  2K,  4K,  8K, 16K,
   0.25K,   3,   3,   3,   3,   3,   3,
   0.50K,   3,   3,   3,   3,   3,   3,   3,
    1.0K,   3,   3,   3,   3,   3,   3,   3,   3,
    2.0K,   3,   3,   3,   3,   3,   3,   3,   3,   3,
    4.0K,   3,   3,   3,   3,   3,   3,   3,   3,   3,   3,
    8.0K,   3,   3,   3,   3,   3,   3,   3,   3,   3,   3,   3,
   16.0K,   3,   3,   3,   3,   3,   3,   3,   3,   3,   3,   3,   3,
   32.0K,   3,   3,   3,   3,   3,   3,   3,   3,   3,   3,   3,   3,   3,
   64.0K,   3,   3,   3,   3,   3,   3,   3,   3,   3,   3,   3,   3,   3,
  128.0K,   4,   6,  10,  19,  22,  14,  14,  14,  14,  14,  20,  20,  20,
  256.0K,   4,   6,  10,  19,  22,  20,  20,  20,  21,  22,  24,  20,  20,
  512.0K,   4,   6,  10,  19,  22,  20,  20,  20,  21,  22,  24,  24,  20,
 1024.0K,   5,   8,  16,  30,  56, 118, 119, 121, 125, 138, 155,  24,  24,
 2048.0K,   5,   8,  16,  30,  57, 118, 119, 122, 126, 137, 164, 164,  24,
 4096.0K,   5,   8,  17,  32,  58, 121, 124, 123, 130, 147, 181, 176, 179,
 8192.0K,   5,   8,  16,  31,  57, 119, 121, 124, 132, 149, 189, 183, 184,
16384.0K,   5,   8,  16,  31,  57, 119, 121, 125, 132, 149, 187, 186, 183,
*** BlockRandom Read Latency ***
Block,      8,  16,  32,  64, 128, 256, 512,  1K,  2K,  4K,  8K, 16K,
   0.50K,   3,
    1.0K,   3,   3,
    2.0K,   3,   3,   3,
    4.0K,   3,   3,   3,   3,
    8.0K,   3,   3,   3,   3,   3,
   16.0K,   3,   3,   3,   3,   3,   3,
   32.0K,   3,   3,   3,   3,   3,   3,   3,
   64.0K,   3,   3,   3,   3,   3,   3,   3,   3,
  128.0K,  24,  24,  24,  23,  21,  19,  18,  17,  18,
  256.0K,  24,  24,  24,  23,  21,  20,  18,  18,  18,  22,
  512.0K,  24,  24,  24,  23,  21,  19,  18,  18,  18,  22,  23,
 1024.0K,  76,  81,  84,  87,  95, 121, 127, 138, 149, 156, 158, 158,
 2048.0K,  76,  81,  84,  87,  95, 114, 121, 142, 150, 156, 158, 159,
 4096.0K,  76,  81,  84,  87,  96, 111, 127, 142, 149, 157, 159, 159,
 8192.0K,  77,  81,  84,  88,  98, 112, 127, 141, 150, 157, 159, 159,
16384.0K,  77,  81,  85,  87,  99, 109, 127, 141, 150, 157, 159, 159,
*** Random Read Latency ***
Stride,     4,   8,  16,  32,  64, 128, 256, 512,  1K,  2K,  4K,  8K, 16K,
   0.25K,   3,   3,   3,   3,   3,   3,
   0.50K,   3,   3,   3,   3,   3,   3,   3,
    1.0K,   3,   3,   3,   3,   3,   3,   3,   3,
    2.0K,   3,   3,   3,   3,   3,   3,   3,   3,   3,
    4.0K,   3,   3,   3,   3,   3,   3,   3,   3,   3,   3,
    8.0K,   3,   3,   3,   3,   3,   3,   3,   3,   3,   3,   3,
   16.0K,   3,   3,   3,   3,   3,   3,   3,   3,   3,   3,   3,   3,
   32.0K,   3,   3,   3,   3,   3,   3,   3,   3,   3,   3,   3,   3,   3,
   64.0K,   3,   3,   3,   3,   3,   3,   3,   3,   3,   3,   3,   3,   3,
  128.0K,  11,  12,  12,  14,  18,  20,  20,  20,  21,  21,  23,  24,  23,
  256.0K,  17,  18,  18,  19,  22,  22,  22,  22,  22,  23,  24,  21,  23,
  512.0K,  21,  21,  21,  21,  23,  23,  23,  23,  23,  24,  24,  24,  24,
 1024.0K,  84,  87,  94, 109, 158, 158, 156, 156, 157, 159, 160,  24,  24,
 2048.0K, 125, 127, 130, 139, 159, 159, 159, 159, 159, 157, 161, 162,  25,
 4096.0K, 165, 168, 170, 174, 184, 184, 184, 183, 179, 180, 182, 180, 180,
 8192.0K, 188, 188, 188, 186, 194, 189, 189, 187, 182, 182, 184, 184, 184,
16384.0K, 199, 196, 198, 199, 205, 198, 199, 201, 194, 186, 186, 186, 185,
*** CacheLine Forward Read Latency ***
Distance,   8,  16,  24,  32,  48,  64,  96, 128, 160, 192, 224, 256, 288,
    8.0K,   3,   3,   3,   3,   3,   3,   3,   3,   3,   3,   3,
   16.0K,   3,   3,   3,   3,   3,   3,   3,   3,   3,   3,   3,   3,
   32.0K,   3,   3,   3,   3,   3,   3,   3,   3,   3,   3,   3,   3,   3,
   64.0K,   3,   3,   3,   3,   3,   3,   3,   3,   3,   3,   3,   3,   3,
  128.0K,   8,   8,   8,   8,   8,  23,  23,  23,  23,  23,  23,  23,  23,
  256.0K,   9,   9,   9,   9,   9,  23,  23,  23,  23,  23,  23,  23,  23,
  512.0K,   9,   9,   9,   9,   9,  23,  23,  23,  23,  23,  23,  23,  23,
 1024.0K,  63,  63,  63,  63,  62, 122, 122, 121, 121, 121, 121, 121, 119,
 2048.0K,  63,  63,  63,  62,  62, 122, 123, 121, 121, 121, 121, 121, 120,
 4096.0K,  64,  64,  64,  64,  64, 124, 124, 122, 122, 122, 122, 122, 122,
 8192.0K,  64,  64,  64,  64,  64, 124, 125, 123, 122, 123, 122, 123, 122,
16384.0K,  64,  65,  64,  64,  65, 125, 125, 123, 123, 123, 123, 123, 123,
*** CacheLine Backward Read Latency ***
Distance,   8,  16,  24,  32,  48,  64,  96, 128, 160, 192, 224, 256, 288,
    8.0K,   3,   3,   3,   3,   3,   3,   3,   3,   3,   3,   3,
   16.0K,   3,   3,   3,   3,   3,   3,   3,   3,   3,   3,   3,   3,
   32.0K,   3,   3,   3,   3,   3,   3,   3,   3,   3,   3,   3,   3,   3,
   64.0K,   3,   3,   3,   3,   3,   3,   3,   3,   3,   3,   3,   3,   3,
  128.0K,   8,   8,   8,   8,   8,  23,  23,  23,  23,  23,  23,  23,  23,
  256.0K,   9,   9,   9,   9,   9,  23,  23,  23,  23,  23,  23,  23,  23,
  512.0K,   9,   9,   9,   9,   9,  23,  23,  23,  23,  23,  23,  23,  23,
 1024.0K,  62,  63,  63,  63,  62, 120, 122, 119, 121, 121, 121, 121, 121,
 2048.0K,  63,  63,  63,  63,  63, 122, 122, 121, 121, 121, 121, 121, 121,
 4096.0K,  64,  64,  64,  64,  64, 124, 124, 122, 123, 122, 122, 122, 122,
 8192.0K,  64,  64,  64,  64,  64, 124, 124, 122, 123, 123, 123, 123, 122,
16384.0K,  64,  64,  64,  64,  64, 125, 125, 123, 123, 123, 123, 123, 123,
BenchMemLat exit code: 0x0100
L1D cacheline size: 64 bytes      [Mode:6 Size:   128K, Stride:   512, #NOP:  0, UnRoll:64]
L2  cacheline size: 64 bytes      [Mode:6 Size:  1024K, Stride:   512, #NOP:  0, UnRoll:64]
Mem latency:  62.500ns( 131 clks) [Mode:1 Size: 16384K, Stride:  1024, #NOP: 62, UnRoll:64]
L1D latency:   1.417ns(   3 clks) [Mode:1 Size:    64K, Stride:    64, #NOP:  0, UnRoll:64]
L2  latency:   6.720ns(  14 clks) [Mode:1 Size:   512K, Stride:    64, #NOP: 25, UnRoll:64]
Running time:    127 seconds.
