Copyright (C) 1995-2010 FinalWire Ltd. All rights reserved.
aida_bench32.dll build: 2.7.334.0 Jan  2 2011 16:58:47
CPUCount: 2, procMask: 0x00000003 Size of Memory: 1701572KB
OS:6.1.7601 Service Pack 1, v.721 Priority:080 NUMA:0
CPU#00 Vendor: AuthenticAMD Family: 5f Modell: 01 Stepping: 0 CoreType:0x10500f10
CPU#00 Freq: 1600.02MHz Type: "AMD E-350 Processor"
CPU#00 Feats: TSC, FPU, CMOV, MMX, MMX+, SSE, SSE2, SSE3, SSSE3, SSE4A, LZCNT, POPCNT, CMPXCHG8B
CPU#00 AffMask:0x00000001 APIC_ID:0x00000000 Phys_ID:000 Core_ID:00 SMT_ID:00 PhysMask:0x00000003 
CPU#00 L1I cache:    32KB,   64 byte cache line,  2 way, SMask:00000001
CPU#00 L1D cache:    32KB,   64 byte cache line, 16 way, SMask:00000001
CPU#00 L2  cache:   512KB,   64 byte cache line, 16 way, SMask:00000001
CPU#01 Vendor: AuthenticAMD Family: 5f Modell: 01 Stepping: 0 CoreType:0x10500f10
CPU#01 Freq: 1599.89MHz Type: "AMD E-350 Processor"
CPU#01 Feats: TSC, FPU, CMOV, MMX, MMX+, SSE, SSE2, SSE3, SSSE3, SSE4A, LZCNT, POPCNT, CMPXCHG8B
CPU#01 AffMask:0x00000002 APIC_ID:0x00000001 Phys_ID:000 Core_ID:01 SMT_ID:00 PhysMask:0x00000003 
CPU#01 L1I cache:    32KB,   64 byte cache line,  2 way, SMask:00000002
CPU#01 L1D cache:    32KB,   64 byte cache line, 16 way, SMask:00000002
CPU#01 L2  cache:   512KB,   64 byte cache line, 16 way, SMask:00000002
CPU#00 AffMask:0x00000001 APIC_ID:0x00000000 Phys_ID:000 Core_ID:00 SMT_ID:00 PhysMask:0x00000003 
CPU#01 AffMask:0x00000002 APIC_ID:0x00000001 Phys_ID:000 Core_ID:01 SMT_ID:00 PhysMask:0x00000003 
Parameters: "-ph -l "
Memory Latency ProcMask:0x00000001 #NOP:0
*** Linear Read Latency ***
Stride,     4,   8,  16,  32,  64, 128, 256, 512,  1K,  2K,  4K,  8K, 16K,
    0.25K,   2,   2,   2,   3,   3,   3,
    0.50K,   3,   3,   3,   3,   3,   3,   3,
     1.0K,   3,   3,   3,   3,   3,   3,   3,   3,
     2.0K,   3,   3,   3,   3,   3,   3,   3,   3,   3,
     4.0K,   3,   3,   3,   3,   3,   3,   3,   3,   3,   3,
     8.0K,   3,   3,   3,   3,   3,   3,   3,   3,   3,   3,   3,
    16.0K,   3,   3,   3,   3,   3,   3,   3,   3,   3,   3,   3,   3,
    32.0K,   3,   3,   3,   3,   3,   3,   3,   3,   3,   3,   3,   3,   3,
    64.0K,   3,   4,   4,   7,  13,  20,  20,  20,  20,  20,  20,   3,   3,
   128.0K,   3,   4,   4,   7,  13,  20,  20,  20,  20,  20,  27,  20,   3,
   256.0K,   3,   4,   4,   7,  14,  20,  20,  21,  22,  24,  26,  26,  20,
   512.0K,   3,   4,   4,   7,  14,  21,  21,  21,  22,  24,  27,  26,  24,
  1024.0K,   4,   6,  11,  22,  44, 105, 112, 134, 138, 147, 162,  26,  30,
  2048.0K,   4,   6,  11,  22,  43, 106, 113, 135, 139, 145, 163, 162,  26,
  4096.0K,   4,   6,  11,  22,  44, 106, 114, 137, 142, 152, 174, 173, 176,
  8192.0K,   4,   6,  11,  22,  44, 106, 114, 138, 145, 155, 181, 182, 183,
 16384.0K,   4,   6,  11,  22,  44, 106, 114, 138, 144, 156, 181, 182, 182,
*** Backward Read Latency ***
Stride,     4,   8,  16,  32,  64, 128, 256, 512,  1K,  2K,  4K,  8K, 16K,
    0.25K,   3,   2,   2,   3,   3,   3,
    0.50K,   3,   3,   3,   3,   3,   3,   3,
     1.0K,   3,   3,   3,   3,   3,   3,   3,   3,
     2.0K,   3,   3,   3,   3,   3,   3,   3,   3,   3,
     4.0K,   3,   3,   3,   3,   3,   3,   3,   3,   3,   3,
     8.0K,   3,   3,   3,   3,   3,   3,   3,   3,   3,   3,   3,
    16.0K,   3,   3,   3,   3,   3,   3,   3,   3,   3,   3,   3,   3,
    32.0K,   3,   3,   3,   3,   3,   3,   3,   3,   3,   3,   3,   3,   3,
    64.0K,   3,   4,   4,   6,  13,  20,  20,  20,  20,  20,  26,   3,   3,
   128.0K,   3,   4,   4,   6,  13,  20,  20,  20,  20,  20,  20,  26,   3,
   256.0K,   3,   4,   4,   6,  13,  20,  21,  21,  22,  24,  27,  21,  20,
   512.0K,   3,   4,   4,   6,  14,  21,  21,  21,  22,  24,  27,  26,  24,
  1024.0K,   4,   6,  12,  23,  46, 105, 113, 135, 138, 145, 165,  29,  28,
  2048.0K,   4,   6,  12,  23,  46, 106, 113, 135, 139, 146, 165, 164,  28,
  4096.0K,   4,   6,  12,  23,  46, 106, 114, 137, 143, 152, 176, 174, 176,
  8192.0K,   4,   6,  12,  23,  46, 106, 114, 137, 143, 155, 181, 180, 181,
 16384.0K,   4,   6,  12,  23,  46, 106, 114, 138, 144, 156, 183, 181, 182,
*** BlockRandom Read Latency ***
Block,      8,  16,  32,  64, 128, 256, 512,  1K,  2K,  4K,  8K, 16K,
    0.50K,   3,
     1.0K,   3,   3,
     2.0K,   3,   3,   3,
     4.0K,   3,   3,   3,   3,
     8.0K,   3,   3,   3,   3,   3,
    16.0K,   3,   3,   3,   3,   3,   3,
    32.0K,   3,   3,   3,   3,   3,   3,   3,
    64.0K,  14,  14,  14,  16,  17,  19,  19,  20,
   128.0K,  14,  14,  14,  16,  17,  19,  19,  20,  20,
   256.0K,  14,  14,  14,  16,  18,  19,  19,  20,  20,  23,
   512.0K,  14,  14,  15,  17,  18,  20,  20,  21,  22,  25,  27,
  1024.0K,  56,  70,  79,  97, 118, 140, 151, 158, 162, 164, 164, 164,
  2048.0K,  56,  70,  80,  97, 120, 141, 152, 159, 161, 164, 164, 165,
  4096.0K,  56,  71,  79,  97, 122, 141, 154, 161, 163, 166, 165, 165,
  8192.0K,  56,  71,  80,  97, 122, 142, 153, 159, 162, 164, 165, 166,
 16384.0K,  57,  71,  80,  97, 122, 141, 153, 158, 162, 164, 165, 165,
*** Random Read Latency ***
Stride,     4,   8,  16,  32,  64, 128, 256, 512,  1K,  2K,  4K,  8K, 16K,
    0.25K,   3,   2,   2,   3,   3,   3,
    0.50K,   3,   3,   3,   3,   3,   3,   3,
     1.0K,   3,   3,   3,   3,   3,   3,   3,   3,
     2.0K,   3,   3,   3,   3,   3,   3,   3,   3,   3,
     4.0K,   3,   3,   3,   3,   3,   3,   3,   3,   3,   3,
     8.0K,   3,   3,   3,   3,   3,   3,   3,   3,   3,   3,   3,
    16.0K,   3,   3,   3,   3,   3,   3,   3,   3,   3,   3,   3,   3,
    32.0K,   3,   3,   3,   3,   3,   3,   3,   3,   3,   3,   3,   3,   3,
    64.0K,  12,  12,  13,  15,  20,  20,  20,  20,  20,  20,  20,   3,   3,
   128.0K,  16,  16,  17,  18,  20,  20,  20,  20,  20,  20,  26,  20,   3,
   256.0K,  21,  21,  21,  22,  23,  23,  23,  23,  24,  25,  26,  23,  20,
   512.0K,  26,  26,  28,  31,  27,  27,  26,  26,  26,  27,  28,  26,  24,
  1024.0K,  98, 101, 108, 123, 164, 164, 164, 164, 164, 164, 162,  26,  24,
  2048.0K, 133, 135, 139, 147, 166, 165, 165, 164, 164, 164, 165, 163,  26,
  4096.0K, 161, 162, 164, 168, 176, 177, 176, 176, 176, 177, 179, 180, 181,
  8192.0K, 178, 180, 182, 183, 187, 184, 182, 181, 182, 183, 185, 184, 185,
 16384.0K, 192, 192, 190, 193, 195, 192, 191, 192, 192, 192, 193, 189, 191,
*** CacheLine Forward Read Latency ***
Distance,   8,  16,  24,  32,  48,  64,  96, 128, 160, 192, 224, 256, 288,
     8.0K,   3,   3,   3,   3,   3,   3,   3,   3,   3,   3,   3,
    16.0K,   3,   3,   3,   3,   3,   3,   3,   3,   3,   3,   3,   3,
    32.0K,   3,   3,   3,   3,   3,   3,   3,   3,   3,   3,   3,   3,   3,
    64.0K,  10,  10,  10,  10,  10,  20,  20,  18,  18,  18,  18,  18,  18,
   128.0K,  10,  10,  10,  10,  10,  20,  20,  18,  18,  18,  18,  18,  18,
   256.0K,  11,  11,  11,  11,  11,  21,  21,  19,  19,  19,  19,  19,  19,
   512.0K,  11,  11,  11,  11,  11,  21,  21,  19,  19,  19,  19,  19,  19,
  1024.0K,  66,  66,  66,  66,  66, 138, 140, 129, 127, 127, 126, 109, 108,
  2048.0K,  68,  69,  67,  68,  67, 139, 141, 130, 130, 130, 130, 122, 112,
  4096.0K,  69,  68,  68,  69,  69, 140, 142, 130, 129, 128, 130, 110, 111,
  8192.0K,  69,  69,  69,  69,  66, 141, 143, 131, 131, 131, 130, 111, 111,
 16384.0K,  67,  69,  67,  69,  68, 141, 143, 131, 131, 146, 130, 111, 111,
*** CacheLine Backward Read Latency ***
Distance,   8,  16,  24,  32,  48,  64,  96, 128, 160, 192, 224, 256, 288,
     8.0K,   3,   3,   3,   3,   3,   3,   3,   3,   3,   3,   3,
    16.0K,   3,   3,   3,   3,   3,   3,   3,   3,   3,   3,   3,   3,
    32.0K,   3,   3,   3,   3,   3,   3,   3,   3,   3,   3,   3,   3,   3,
    64.0K,  10,  10,  10,  10,  10,  20,  20,  18,  18,  18,  18,  18,  18,
   128.0K,  10,  10,  10,  10,  10,  20,  20,  18,  18,  18,  18,  18,  18,
   256.0K,  11,  11,  11,  11,  11,  21,  21,  19,  19,  19,  19,  19,  19,
   512.0K,  11,  11,  11,  11,  11,  21,  21,  19,  19,  19,  19,  19,  19,
  1024.0K,  67,  68,  68,  69,  67, 140, 139, 129, 124, 124, 126, 128, 128,
  2048.0K,  68,  68,  68,  68,  68, 152, 143, 127, 135, 124, 127, 125, 131,
  4096.0K,  69,  70,  69,  70,  70, 144, 143, 130, 130, 130, 131, 130, 130,
  8192.0K,  69,  70,  72,  70,  69, 146, 142, 127, 130, 127, 132, 127, 132,
 16384.0K,  69,  69,  74,  70,  70, 144, 144, 130, 128, 127, 129, 130, 127,
BenchMemLat exit code: 0x0100
L1D cacheline size: 64 bytes      [Mode:6 Size:    64K, Stride:   512, #NOP:  0, UnRoll:64]
L2  cacheline size: 64 bytes      [Mode:6 Size:  1024K, Stride:   512, #NOP:  0, UnRoll:64]
Mem latency:  87.586ns( 140 clks) [Mode:1 Size: 16384K, Stride:  1024, #NOP: 32, UnRoll:64]
L1D latency:   1.854ns(   3 clks) [Mode:1 Size:    32K, Stride:    64, #NOP:  0, UnRoll:64]
L2  latency:   8.850ns(  14 clks) [Mode:1 Size:   512K, Stride:    64, #NOP:  0, UnRoll:64]