Copyright (C) 2003, 2009 Lavalys Consulting Group, Inc. All rights reserved.
everest_bench.dll build: 2.4.273.0 Oct 21 2009 23:53:40
CPUCount: 1, procMask: 0x00000001 Size of Memory: 523764KB Priority:020
CPU#00 Vendor: AuthenticAMD CoreType:0x1000058c
CPU#00 Family: 5 Modell: 08 Stepping: c Type: "AMD-K6(tm) 3D processor"
CPU#00 Features: TSC, FPU, MMX, 3DNow!, CMPXCHG8B
CPU#00 Frequency:  450.93MHz  OS:5.1.2600 Szervizcsomag 2
CPU#00 AffMask:0x00000001 APIC_ID:0x00000000 Phys_ID:000 Core_ID:00 SMT_ID:00 PhysMask:0x00000001 
CPU#00 L1I cache:    32KB,   32 byte cache line,  2 way, SMask:00000001
CPU#00 L1D cache:    32KB,   32 byte cache line,  2 way, SMask:00000001
Memory Latency ProcMask:0x00000001 #NOP:0
*** Linear Read Latency ***
Stride,     4,   8,  16,  32,  64, 128, 256, 512,  1K,  2K,  4K,  8K, 16K,
   0.25K,   2,   2,   2,   2,   2,   2,
   0.50K,   2,   2,   2,   2,   2,   2,   2,
    1.0K,   2,   2,   2,   2,   2,   2,   2,   2,
    2.0K,   2,   2,   2,   2,   2,   2,   2,   2,   2,
    4.0K,   2,   2,   2,   2,   2,   2,   2,   2,   2,   2,
    8.0K,   2,   2,   2,   2,   2,   2,   2,   2,   2,   2,   2,
   16.0K,   2,   2,   2,   2,   2,   2,   2,   2,   2,   2,   2,   2,
   32.0K,   2,   2,   2,   2,   3,   2,   2,   2,   2,   2,   2,   2,   2,
   64.0K,   4,   8,  16,  31,  63,  63,  63,  63,  62,  62,  65,  62,  57,
  128.0K,   4,   8,  16,  31,  63,  63,  63,  63,  63,  62,  66,  65,  62,
  256.0K,   4,   8,  16,  31,  63,  63,  63,  63,  63,  63,  67,  66,  65,
  512.0K,   5,   9,  17,  33,  66,  67,  68,  67,  68,  65,  68,  67,  66,
 1024.0K,   5,  10,  19,  39,  73,  75,  70,  70,  73,  79,  94,  90,  89,
 2048.0K,   6,  11,  22,  50,  95,  98, 101, 111, 109, 119, 131, 105,  93,
 4096.0K,   9,  17,  34,  69, 137, 137, 137, 138, 142, 146, 157, 108,  94,
 8192.0K,  10,  18,  37,  74, 147, 147, 148, 149, 151, 155, 168, 160, 110,
16384.0K,  10,  18,  37,  74, 148, 148, 148, 149, 151, 156, 169, 169, 159,
*** Backward Read Latency ***
Stride,     4,   8,  16,  32,  64, 128, 256, 512,  1K,  2K,  4K,  8K, 16K,
   0.25K,   2,   2,   2,   2,   2,   2,
   0.50K,   2,   2,   2,   2,   2,   2,   2,
    1.0K,   2,   2,   2,   2,   2,   2,   2,   2,
    2.0K,   2,   2,   2,   2,   2,   2,   2,   2,   2,
    4.0K,   2,   2,   2,   2,   2,   2,   2,   2,   2,   2,
    8.0K,   2,   2,   2,   2,   2,   2,   2,   2,   2,   2,   2,
   16.0K,   2,   2,   2,   2,   2,   2,   2,   2,   2,   2,   2,   2,
   32.0K,   2,   2,   2,   2,   3,   2,   2,   2,   2,   2,   2,   2,   2,
   64.0K,   5,   9,  18,  36,  63,  63,  63,  63,  62,  62,  65,  62,  57,
  128.0K,   5,   9,  18,  36,  63,  65,  63,  63,  63,  62,  66,  65,  62,
  256.0K,   5,   9,  18,  37,  63,  63,  63,  63,  63,  63,  67,  66,  65,
  512.0K,   5,  10,  19,  41,  69,  68,  65,  63,  72,  65,  72,  67,  67,
 1024.0K,   7,  11,  23,  44,  85,  78,  87,  85,  83,  94, 103,  92,  89,
 2048.0K,   7,  13,  24,  42,  72,  74,  76,  75,  80,  92, 108,  97,  93,
 4096.0K,  10,  20,  40,  79, 138, 137, 138, 139, 141, 147, 158, 120, 104,
 8192.0K,  11,  21,  41,  83, 147, 147, 147, 149, 151, 155, 168, 157, 119,
16384.0K,  11,  21,  41,  83, 148, 148, 149, 149, 152, 156, 169, 169, 160,
*** BlockRandom Read Latency ***
Block,      8,  16,  32,  64, 128, 256, 512,  1K,  2K,  4K,  8K, 16K,
   0.25K,   2,
   0.50K,   2,   2,
    1.0K,   2,   2,   2,
    2.0K,   2,   2,   2,   2,
    4.0K,   2,   2,   2,   2,   2,
    8.0K,   2,   2,   2,   2,   2,   2,
   16.0K,   2,   2,   2,   2,   2,   2,   2,
   32.0K,   2,   2,   2,   2,   2,   2,   2,   2,
   64.0K,  33,  33,  33,  34,  34,  34,  34,  34,  39,
  128.0K,  33,  34,  33,  34,  34,  34,  34,  34,  41,  45,
  256.0K,  33,  33,  33,  34,  34,  34,  34,  35,  42,  46,  48,
  512.0K,  36,  36,  34,  35,  36,  34,  35,  36,  42,  48,  49,  50,
 1024.0K,  40,  40,  41,  41,  44,  41,  42,  40,  51,  52,  57,  59,
 2048.0K,  51,  54,  53,  51,  54,  53,  54,  54,  63,  66,  69,  69,
 4096.0K,  71,  72,  72,  73,  72,  73,  72,  72,  80,  85,  87,  88,
 8192.0K,  76,  77,  78,  78,  78,  78,  78,  78,  86,  90,  92,  94,
16384.0K,  76,  77,  78,  78,  78,  78,  78,  78,  86,  90,  92,  94,
*** Random Read Latency ***
Stride,     4,   8,  16,  32,  64, 128, 256, 512,  1K,  2K,  4K,  8K, 16K,
   0.25K,   2,   2,   2,   2,   2,   2,
   0.50K,   2,   2,   2,   2,   2,   2,   2,
    1.0K,   2,   2,   2,   2,   2,   2,   2,   2,
    2.0K,   2,   2,   2,   2,   2,   2,   2,   2,   2,
    4.0K,   2,   2,   2,   2,   2,   2,   2,   2,   2,   2,
    8.0K,   2,   2,   2,   2,   2,   2,   2,   2,   2,   2,   2,
   16.0K,   2,   2,   2,   2,   2,   2,   2,   2,   2,   2,   2,   2,
   32.0K,   2,   2,   2,   2,   2,   2,   2,   2,   2,   2,   2,   2,   2,
   64.0K,  29,  32,  35,  39,  63,  63,  63,  63,  64,  64,  65,  62,  57,
  128.0K,  40,  41,  42,  45,  63,  63,  64,  64,  64,  65,  66,  65,  62,
  256.0K,  45,  46,  46,  49,  64,  64,  64,  64,  65,  67,  67,  66,  65,
  512.0K,  48,  49,  51,  51,  71,  76,  68,  70,  69,  76,  69,  67,  66,
 1024.0K,  69,  91,  71,  73,  92,  90,  90,  96,  97,  93, 101,  96,  90,
 2048.0K,  88,  86,  89,  95, 124, 123, 123, 123, 123, 127, 127, 109,  92,
 4096.0K, 107, 107, 110, 117, 156, 157, 157, 157, 157, 158, 159, 113, 102,
 8192.0K, 122, 123, 125, 130, 168, 168, 168, 169, 168, 168, 168, 158, 132,
16384.0K, 131, 132, 132, 135, 170, 170, 170, 170, 171, 170, 169, 169, 158,
*** CacheLine Forward Read Latency ***
Distance,   8,  16,  24,  32,  48,  64,  96, 128, 160, 192, 224, 256, 288,
    8.0K,   2,   2,   2,   2,   2,   2,   2,   2,   2,   2,   2,
   16.0K,   2,   2,   2,   2,   2,   2,   2,   2,   2,   2,   2,   2,
   32.0K,   2,   2,   2,   2,   2,   2,   2,   2,   2,   2,   2,   2,   2,
   64.0K,  15,  15,  15,  20,  24,  47,  38,  47,  38,  47,  38,  47,  38,
  128.0K,  15,  15,  17,  20,  24,  47,  38,  47,  38,  49,  38,  47,  38,
  256.0K,  15,  15,  16,  20,  24,  47,  38,  47,  39,  47,  39,  47,  39,
  512.0K,  19,  16,  19,  25,  29,  52,  45,  56,  41,  51,  43,  55,  43,
 1024.0K,  26,  25,  25,  28,  32,  64,  51,  63,  52,  67,  52,  60,  50,
 2048.0K,  36,  36,  35,  41,  44,  82,  63,  84,  61,  79,  62,  86,  65,
 4096.0K,  54,  54,  53,  56,  60, 122,  92, 121,  93, 121,  92, 121,  93,
 8192.0K,  58,  58,  58,  61,  65, 131, 100, 132, 100, 132, 100, 132, 100,
16384.0K,  59,  59,  59,  61,  66, 132, 101, 132, 101, 132, 101, 132, 101,
*** CacheLine Backward Read Latency ***
Distance,   8,  16,  24,  32,  48,  64,  96, 128, 160, 192, 224, 256, 288,
    8.0K,   2,   2,   2,   2,   2,   2,   2,   2,   2,   2,   2,
   16.0K,   2,   2,   2,   2,   2,   2,   2,   2,   2,   2,   2,   2,
   32.0K,   2,   2,   2,   2,   2,   2,   2,   2,   2,   2,   2,   2,   2,
   64.0K,  15,  15,  18,  20,  24,  47,  38,  47,  38,  47,  38,  47,  38,
  128.0K,  17,  15,  17,  20,  24,  49,  40,  47,  40,  49,  40,  47,  40,
  256.0K,  15,  15,  15,  21,  24,  47,  38,  48,  38,  47,  38,  47,  38,
  512.0K,  21,  19,  23,  24,  28,  57,  42,  51,  42,  56,  43,  58,  46,
 1024.0K,  28,  28,  25,  30,  36,  70,  53,  66,  52,  64,  54,  70,  57,
 2048.0K,  38,  39,  38,  44,  47,  93,  72,  94,  71,  92,  72,  94,  73,
 4096.0K,  53,  53,  53,  56,  61, 120,  92, 122,  92, 121,  92, 122,  92,
 8192.0K,  58,  58,  58,  61,  65, 132, 100, 132, 100, 132, 100, 132, 100,
16384.0K,  59,  59,  59,  61,  66, 132, 101, 132, 101, 132, 101, 132, 101,
BenchMemLat exit code: 0x0100
L1D cacheline size: 64 bytes      [Mode:6 Size:    64K, Stride:   512, #NOP:  0, UnRoll:64]
Mem latency: 167.227ns(  75 clks) [Mode:1 Size: 16384K, Stride:  1024, #NOP:113, UnRoll:32]
L1D latency:   5.148ns(   2 clks) [Mode:1 Size:    32K, Stride:    32, #NOP:  0, UnRoll:64]
Running time:    701 seconds.
