Copyright (C) 2003, 2009 Lavalys Consulting Group, Inc. All rights reserved.
everest_bench.dll build: 2.4.257.0 Jan 19 2009 01:57:35
CPUCount: 1, procMask: 0x00000001 Size of Memory: 458224KB Priority:080
CPU#00 Vendor: CentaurHauls CoreType:0x300006a9
CPU#00 Family: 6 Modell: 0a Stepping: 9 Type: "                   VIA Esther processor 1500MHz"
CPU#00 Features: TSC, FPU, CMOV, MMX, SSE, SSE2, SSE3, ACE, CMPXCHG8B
CPU#00 Frequency: 1496.11MHz  OS:5.1.2600 Service Pack 3
CPU#00 AffMask:0x00000001 APIC_ID:0x00000000 Phys_ID:000 Core_ID:00 SMT_ID:00 PhysMask:0x00000001 
CPU#00 L1I cache:    64KB,   64 byte cache line,  4 way, SMask:00000001
CPU#00 L1D cache:    64KB,   64 byte cache line,  4 way, SMask:00000001
CPU#00 L2  cache:   128KB,   64 byte cache line, 32 way, SMask:00000001, exclusive
CPU#00 AffMask:0x00000001 APIC_ID:0x00000000 Phys_ID:000 Core_ID:00 SMT_ID:00 PhysMask:0x00000001 
Parameters: "-ph -d4094 -l "
Memory Latency ProcMask:0x00000001 #NOP:0
*** Linear Read Latency ***
Stride,     4,   8,  16,  32,  64, 128, 256, 512,  1K,  2K,  4K,  8K, 16K,
   0.25K,   6,   6,   6,   6,   6,   6,
   0.50K,   6,   6,   6,   6,   6,   6,   6,
    1.0K,   6,   6,   6,   6,   6,   6,   6,   6,
    2.0K,   6,   6,   6,   6,   6,   6,   6,   6,   6,
    4.0K,   6,   6,   6,   6,   6,   6,   6,   6,   6,   6,
    8.0K,   6,   6,   6,   6,   6,   6,   6,   6,   6,   6,   6,
   16.0K,   6,   6,   6,   6,   6,   6,   6,   6,   6,   6,   6,   6,
   32.0K,   6,   6,   6,   6,   6,   6,   6,   6,   6,   6,   6,   6,   6,
   64.0K,   6,   6,   6,   6,   6,   6,   6,   6,   6,   6,   6,   6,   6,
  128.0K,   7,   8,   9,  14,  29,  29,  29,  29,  29,  24,  29,   6,   6,
  256.0K,  12,  24,  45,  85, 169, 173, 174, 197, 226, 277, 301,  27,   6,
  512.0K,  13,  24,  45,  83, 170, 173, 181, 197, 226, 280, 307, 304,  28,
 1024.0K,  13,  24,  45,  85, 169, 171, 184, 203, 238, 310, 358, 343, 356,
 2048.0K,  13,  25,  46,  86, 170, 174, 184, 203, 230, 313, 359, 356, 361,
 4096.0K,  13,  25,  46,  86, 171, 175, 182, 199, 240, 313, 359, 359, 361,
 8192.0K,  13,  25,  46,  86, 172, 175, 184, 204, 235, 313, 360, 360, 361,
16384.0K,  13,  25,  46,  86, 172, 176, 184, 202, 239, 312, 360, 360, 349,
*** Backward Read Latency ***
Stride,     4,   8,  16,  32,  64, 128, 256, 512,  1K,  2K,  4K,  8K, 16K,
   0.25K,   6,   6,   6,   6,   6,   6,
   0.50K,   6,   6,   6,   6,   6,   6,   6,
    1.0K,   6,   6,   6,   6,   6,   6,   6,   6,
    2.0K,   6,   6,   6,   6,   6,   6,   6,   6,   6,
    4.0K,   6,   6,   6,   6,   6,   6,   6,   6,   6,   6,
    8.0K,   6,   6,   6,   6,   6,   6,   6,   6,   6,   6,   6,
   16.0K,   6,   6,   6,   6,   6,   6,   6,   6,   6,   6,   6,   6,
   32.0K,   6,   6,   6,   6,   6,   6,   6,   6,   6,   6,   6,   6,   6,
   64.0K,   6,   6,   6,   6,   6,   6,   6,   6,   6,   6,   6,   6,   6,
  128.0K,   7,   8,  11,  14,  29,  29,  29,  29,  29,  29,  29,   6,   6,
  256.0K,  23,  41,  79, 159, 264, 271, 272, 273, 274, 283, 306,  27,   6,
  512.0K,  22,  40,  78, 156, 271, 270, 272, 272, 275, 284, 308, 307,  28,
 1024.0K,  23,  41,  80, 158, 269, 267, 272, 277, 280, 311, 360, 357, 356,
 2048.0K,  23,  41,  80, 160, 272, 270, 271, 277, 284, 302, 359, 360, 359,
 4096.0K,  23,  41,  80, 160, 272, 271, 271, 273, 286, 313, 359, 360, 360,
 8192.0K,  23,  41,  80, 160, 272, 273, 273, 275, 286, 308, 360, 346, 361,
16384.0K,  23,  41,  80, 160, 273, 273, 274, 276, 285, 314, 360, 360, 362,
*** BlockRandom Read Latency ***
Block,      8,  16,  32,  64, 128, 256, 512,  1K,  2K,  4K,  8K, 16K,
   0.50K,   6,
    1.0K,   6,   6,
    2.0K,   6,   6,   6,
    4.0K,   6,   6,   6,   6,
    8.0K,   6,   6,   6,   6,   6,
   16.0K,   6,   6,   6,   6,   6,   6,
   32.0K,   6,   6,   6,   6,   6,   6,   6,
   64.0K,   6,   6,   6,   6,   6,   6,   6,   6,
  128.0K,  29,  29,  29,  29,  29,  29,  29,  29,  29,
  256.0K, 257, 255, 267, 259, 271, 276, 289, 297, 295, 303,
  512.0K, 256, 267, 270, 264, 283, 278, 286, 300, 302, 306, 305,
 1024.0K, 254, 268, 268, 269, 288, 288, 289, 300, 306, 308, 310, 332,
 2048.0K, 256, 267, 269, 270, 289, 280, 290, 301, 306, 308, 310, 334,
 4096.0K, 257, 268, 271, 271, 283, 286, 291, 302, 307, 309, 311, 335,
 8192.0K, 257, 268, 271, 271, 280, 286, 291, 302, 307, 310, 311, 336,
16384.0K, 258, 269, 271, 272, 282, 286, 292, 302, 307, 310, 312, 336,
*** Random Read Latency ***
Stride,     4,   8,  16,  32,  64, 128, 256, 512,  1K,  2K,  4K,  8K, 16K,
   0.25K,   6,   6,   6,   6,   6,   6,
   0.50K,   6,   6,   6,   6,   6,   6,   6,
    1.0K,   6,   6,   6,   6,   6,   6,   6,   6,
    2.0K,   6,   6,   6,   6,   6,   6,   6,   6,   6,
    4.0K,   6,   6,   6,   6,   6,   6,   6,   6,   6,   6,
    8.0K,   6,   6,   6,   6,   6,   6,   6,   6,   6,   6,   6,
   16.0K,   6,   6,   6,   6,   6,   6,   6,   6,   6,   6,   6,   6,
   32.0K,   6,   6,   6,   6,   6,   6,   6,   6,   6,   6,   6,   6,   6,
   64.0K,   6,   6,   6,   6,   6,   6,   6,   6,   6,   6,   6,   6,   6,
  128.0K,  15,  16,  17,  20,  29,  29,  29,  29,  28,  29,  28,   6,   6,
  256.0K,  92,  99, 112, 154, 299, 304, 294, 300, 303, 296, 282,  23,   6,
  512.0K, 203, 209, 218, 247, 306, 310, 301, 309, 301, 311, 306, 274,  24,
 1024.0K, 282, 285, 291, 304, 332, 332, 335, 336, 335, 342, 344, 343, 335,
 2048.0K, 322, 323, 327, 333, 348, 346, 344, 350, 351, 347, 360, 361, 361,
 4096.0K, 342, 343, 344, 348, 355, 355, 353, 352, 361, 346, 364, 347, 364,
 8192.0K, 352, 352, 353, 355, 358, 359, 362, 366, 362, 363, 361, 363, 363,
16384.0K, 361, 361, 361, 361, 363, 373, 381, 379, 374, 363, 358, 358, 364,
*** CacheLine Forward Read Latency ***
Distance,   8,  16,  24,  32,  48,  64,  96, 128, 160, 192, 224, 256, 288,
    8.0K,   7,   7,   7,   7,   7,   7,   7,   7,   7,   7,   7,
   16.0K,   7,   7,   7,   7,   7,   7,   7,   7,   7,   7,   7,   7,
   32.0K,   7,   7,   7,   7,   7,   7,   7,   7,   7,   7,   7,   7,   7,
   64.0K,   7,   7,   7,   7,   7,   7,   7,   7,   7,   7,   7,   7,   7,
  128.0K,  12,  12,  12,  12,  12,  17,  17,  17,  17,  17,  17,  17,  17,
  256.0K, 113, 118, 118, 119, 122, 263, 262, 263, 258, 263, 263, 252, 265,
  512.0K, 118, 118, 118, 116, 123, 263, 263, 259, 260, 263, 263, 247, 265,
 1024.0K, 122, 122, 117, 120, 125, 268, 268, 266, 264, 267, 268, 256, 263,
 2048.0K, 118, 119, 122, 120, 125, 268, 266, 266, 267, 266, 266, 254, 269,
 4096.0K, 122, 122, 120, 121, 125, 269, 267, 267, 267, 268, 267, 255, 268,
 8192.0K, 121, 122, 121, 122, 125, 268, 269, 268, 269, 268, 269, 256, 269,
16384.0K, 122, 122, 122, 123, 126, 269, 269, 269, 269, 269, 269, 256, 271,
*** CacheLine Backward Read Latency ***
Distance,   8,  16,  24,  32,  48,  64,  96, 128, 160, 192, 224, 256, 288,
    8.0K,   7,   7,   7,   7,   7,   7,   7,   7,   7,   7,   7,
   16.0K,   7,   7,   7,   7,   7,   7,   7,   7,   7,   7,   7,   7,
   32.0K,   7,   7,   7,   7,   7,   7,   7,   7,   7,   7,   7,   7,   7,
   64.0K,   7,   7,   7,   7,   7,   7,   7,   7,   7,   7,   7,   7,   7,
  128.0K,  12,  12,  12,  12,  12,  17,  17,  17,  17,  17,  17,  17,  17,
  256.0K, 143, 137, 137, 143, 151, 264, 262, 263, 264, 258, 263, 264, 262,
  512.0K, 137, 144, 143, 138, 151, 260, 263, 263, 258, 264, 263, 259, 262,
 1024.0K, 147, 147, 147, 148, 154, 268, 268, 268, 264, 266, 268, 265, 266,
 2048.0K, 144, 143, 147, 145, 151, 266, 268, 266, 268, 268, 266, 268, 268,
 4096.0K, 146, 147, 145, 146, 152, 268, 267, 267, 267, 269, 268, 268, 269,
 8192.0K, 146, 146, 147, 148, 153, 269, 269, 268, 268, 268, 268, 269, 268,
16384.0K, 147, 147, 147, 148, 154, 269, 269, 269, 269, 269, 269, 269, 269,
BenchMemLat exit code: 0x0100
L1D cacheline size: 64 bytes      [Mode:6 Size:   128K, Stride:   512, #NOP:  0, UnRoll:64]
L2  cacheline size: 64 bytes      [Mode:6 Size:   256K, Stride:   512, #NOP:  0, UnRoll:64]
Mem latency: 147.329ns( 220 clks) [Mode:1 Size: 16384K, Stride:  1024, #NOP: 63, UnRoll:64]
L1D latency:   3.980ns(   6 clks) [Mode:1 Size:    64K, Stride:    64, #NOP:  0, UnRoll:64]
L2  latency:  11.337ns(  17 clks) [Mode:1 Size:   128K, Stride:    64, #NOP: 13, UnRoll:64]
Running time:    284 seconds.
