Copyright (C) 2003, 2009 Lavalys Consulting Group, Inc. All rights reserved.
Benchmarks.exe build: 2.4.259.0 Feb 17 2009 11:48:15
CPUCount: 1, procMask: 0x00000001 Size of Memory: 1964468KB Priority:080
CPU#00 Vendor: CentaurHauls CoreType:0x300006f2
CPU#00 Family: 6 Modell: 0f Stepping: 2 Type: "               VIA Nano processor L2200@1600MHz"
CPU#00 Features: TSC, FPU, CMOV, MMX, SSE, SSE2, SSE3, SSSE3, ACE, CMPXCHG8B
CPU#00 Frequency: 1615.69MHz  OS:5.1.2600 Service Pack 2
CPU#00 AffMask:0x00000001 APIC_ID:0x00000000 Phys_ID:000 Core_ID:00 SMT_ID:00 PhysMask:0x00000001 
CPU#00 L1I cache:    64KB,   64 byte cache line, 16 way, SMask:00000001
CPU#00 L1D cache:    64KB,   64 byte cache line, 16 way, SMask:00000001
CPU#00 L2  cache:  1024KB,   64 byte cache line, 16 way, SMask:00000001, exclusive
CPU#00 AffMask:0x00000001 APIC_ID:0x00000000 Phys_ID:000 Core_ID:00 SMT_ID:00 PhysMask:0x00000001 
Parameters: "-ph -l "
Memory Latency ProcMask:0x00000001 #NOP:0
*** Linear Read Latency ***
Stride,     4,   8,  16,  32,  64, 128, 256, 512,  1K,  2K,  4K,  8K, 16K,
   0.25K,   4,   4,   4,   4,   4,   4,
   0.50K,   4,   4,   4,   4,   4,   4,   4,
    1.0K,   4,   4,   4,   4,   4,   4,   4,   4,
    2.0K,   4,   4,   4,   4,   4,   4,   4,   4,   4,
    4.0K,   4,   4,   4,   4,   4,   4,   4,   4,   4,   4,
    8.0K,   4,   4,   4,   4,   4,   4,   4,   4,   4,   4,   4,
   16.0K,   4,   4,   4,   4,   4,   4,   4,   4,   4,   4,   4,   4,
   32.0K,   4,   4,   4,   4,   4,   4,   4,   4,   4,   4,   4,   4,   4,
   64.0K,   4,   4,   4,   4,   4,   4,   4,   4,   4,   4,   4,   4,   4,
  128.0K,   5,   6,   9,  14,  24,  24,  24,  24,  24,  24,  24,   4,   4,
  256.0K,   5,   6,   9,  14,  24,  24,  24,  24,  24,  24,  24,  24,   4,
  512.0K,   5,   6,   9,  14,  24,  24,  24,  24,  24,  24,  24,  24,  24,
 1024.0K,   5,   7,   9,  14,  25,  25,  27,  29,  35,  46,  68,  68,  68,
 2048.0K,  14,  25,  44,  88, 175, 176, 177, 181, 191, 210, 256,  68,  68,
 4096.0K,  14,  25,  44,  88, 175, 176, 178, 181, 190, 210, 254, 257,  69,
 8192.0K,  14,  25,  44,  88, 176, 176, 178, 182, 192, 210, 257, 258, 258,
16384.0K,  14,  25,  44,  88, 175, 176, 178, 182, 191, 210, 254, 257, 255,
*** Backward Read Latency ***
Stride,     4,   8,  16,  32,  64, 128, 256, 512,  1K,  2K,  4K,  8K, 16K,
   0.25K,   4,   4,   4,   4,   4,   4,
   0.50K,   4,   4,   4,   4,   4,   4,   4,
    1.0K,   4,   4,   4,   4,   4,   4,   4,   4,
    2.0K,   4,   4,   4,   4,   4,   4,   4,   4,   4,
    4.0K,   4,   4,   4,   4,   4,   4,   4,   4,   4,   4,
    8.0K,   4,   4,   4,   4,   4,   4,   4,   4,   4,   4,   4,
   16.0K,   4,   4,   4,   4,   4,   4,   4,   4,   4,   4,   4,   4,
   32.0K,   4,   4,   4,   4,   4,   4,   4,   4,   4,   4,   4,   4,   4,
   64.0K,   4,   4,   4,   4,   4,   4,   4,   4,   4,   4,   4,   4,   4,
  128.0K,   5,   6,   9,  14,  24,  24,  24,  24,  24,  24,  24,   4,   4,
  256.0K,   5,   6,   9,  14,  24,  24,  24,  24,  24,  24,  24,  24,   4,
  512.0K,   5,   6,   9,  14,  24,  24,  24,  24,  24,  24,  24,  24,  24,
 1024.0K,   5,   7,   9,  14,  25,  25,  27,  29,  35,  46,  68,  68,  68,
 2048.0K,  14,  25,  44,  88, 175, 175, 177, 180, 191, 209, 257,  68,  68,
 4096.0K,  14,  25,  44,  88, 175, 176, 178, 180, 191, 210, 257, 257,  70,
 8192.0K,  14,  25,  44,  88, 175, 176, 178, 182, 191, 210, 257, 257, 255,
16384.0K,  14,  25,  44,  88, 176, 176, 178, 182, 191, 210, 257, 254, 255,
*** BlockRandom Read Latency ***
Block,      8,  16,  32,  64, 128, 256, 512,  1K,  2K,  4K,  8K, 16K,
   0.50K,   4,
    1.0K,   4,   4,
    2.0K,   4,   4,   4,
    4.0K,   4,   4,   4,   4,
    8.0K,   4,   4,   4,   4,   4,
   16.0K,   4,   4,   4,   4,   4,   4,
   32.0K,   4,   4,   4,   4,   4,   4,   4,
   64.0K,   4,   4,   4,   4,   4,   4,   4,   4,
  128.0K,  24,  24,  24,  24,  24,  24,  24,  24,  24,
  256.0K,  24,  24,  24,  24,  24,  24,  24,  24,  24,  24,
  512.0K,  24,  24,  24,  24,  24,  24,  24,  24,  24,  24,  24,
 1024.0K,  25,  25,  25,  25,  26,  26,  27,  27,  27,  26,  26,  46,
 2048.0K, 175, 175, 175, 175, 181, 187, 192, 203, 211, 216, 218, 237,
 4096.0K, 175, 175, 175, 175, 181, 191, 198, 204, 211, 216, 219, 238,
 8192.0K, 175, 175, 175, 175, 179, 186, 192, 202, 211, 216, 219, 238,
16384.0K, 175, 175, 175, 175, 179, 184, 191, 202, 211, 216, 219, 238,
*** Random Read Latency ***
Stride,     4,   8,  16,  32,  64, 128, 256, 512,  1K,  2K,  4K,  8K, 16K,
   0.25K,   4,   4,   4,   4,   4,   4,
   0.50K,   4,   4,   4,   4,   4,   4,   4,
    1.0K,   4,   4,   4,   4,   4,   4,   4,   4,
    2.0K,   4,   4,   4,   4,   4,   4,   4,   4,   4,
    4.0K,   4,   4,   4,   4,   4,   4,   4,   4,   4,   4,
    8.0K,   4,   4,   4,   4,   4,   4,   4,   4,   4,   4,   4,
   16.0K,   4,   4,   4,   4,   4,   4,   4,   4,   4,   4,   4,   4,
   32.0K,   4,   4,   4,   4,   4,   4,   4,   4,   4,   4,   4,   4,   4,
   64.0K,   4,   4,   4,   5,   4,   4,   4,   4,   4,   4,   4,   4,   4,
  128.0K,  14,  15,  16,  18,  24,  24,  24,  24,  24,  24,  24,   4,   4,
  256.0K,  19,  19,  20,  21,  24,  24,  24,  24,  24,  24,  24,  24,   4,
  512.0K,  22,  22,  22,  23,  24,  24,  24,  24,  24,  24,  24,  24,  24,
 1024.0K,  45,  45,  45,  45,  46,  46,  47,  48,  50,  55,  70,  68,  68,
 2048.0K, 151, 156, 165, 186, 247, 247, 246, 249, 249, 251, 256,  70,  68,
 4096.0K, 205, 208, 213, 225, 252, 252, 252, 253, 254, 255, 257, 256,  73,
 8192.0K, 232, 234, 237, 243, 256, 256, 256, 255, 256, 254, 255, 255, 258,
16384.0K, 248, 249, 250, 253, 259, 258, 258, 258, 257, 257, 259, 259, 259,
*** CacheLine Forward Read Latency ***
Distance,   8,  16,  24,  32,  48,  64,  96, 128, 160, 192, 224, 256, 288,
    8.0K,   4,   4,   4,   4,   4,   4,   4,   4,   4,   4,   4,
   16.0K,   4,   4,   4,   4,   4,   4,   4,   4,   4,   4,   4,   4,
   32.0K,   4,   4,   4,   4,   4,   4,   4,   4,   4,   4,   4,   4,   4,
   64.0K,   4,   4,   4,   4,   4,   4,   4,   4,   4,   4,   4,   4,   4,
  128.0K,  14,  14,  14,  14,  14,  24,  24,  24,  24,  24,  24,  24,  24,
  256.0K,  14,  14,  14,  14,  14,  24,  24,  24,  24,  24,  24,  24,  24,
  512.0K,  14,  14,  14,  14,  14,  24,  24,  24,  24,  24,  24,  24,  24,
 1024.0K,  17,  17,  17,  17,  17,  27,  27,  27,  27,  27,  27,  27,  27,
 2048.0K,  89,  89,  89,  89,  89, 176, 176, 175, 175, 175, 175, 176, 176,
 4096.0K,  89,  89,  89,  89,  89, 176, 176, 176, 175, 176, 176, 176, 176,
 8192.0K,  89,  89,  89,  89,  89, 176, 176, 176, 176, 176, 176, 176, 176,
16384.0K,  89,  89,  89,  89,  89, 176, 176, 176, 177, 177, 176, 177, 177,
*** CacheLine Backward Read Latency ***
Distance,   8,  16,  24,  32,  48,  64,  96, 128, 160, 192, 224, 256, 288,
    8.0K,   4,   4,   4,   4,   4,   4,   4,   4,   4,   4,   4,
   16.0K,   4,   4,   4,   4,   4,   4,   4,   4,   4,   4,   4,   4,
   32.0K,   4,   4,   4,   4,   4,   4,   4,   4,   4,   4,   4,   4,   4,
   64.0K,   4,   4,   4,   4,   4,   4,   4,   4,   4,   4,   4,   4,   4,
  128.0K,  14,  14,  14,  14,  14,  24,  24,  24,  24,  24,  24,  24,  24,
  256.0K,  14,  14,  14,  14,  14,  24,  24,  24,  24,  24,  24,  24,  24,
  512.0K,  14,  14,  14,  14,  14,  24,  24,  24,  24,  24,  24,  24,  24,
 1024.0K,  17,  17,  17,  17,  17,  27,  27,  27,  27,  27,  27,  27,  27,
 2048.0K,  89,  88,  89,  89,  89, 175, 176, 176, 176, 175, 176, 176, 175,
 4096.0K,  89,  89,  89,  89,  89, 176, 176, 176, 176, 176, 176, 176, 176,
 8192.0K,  89,  89,  89,  89,  89, 176, 176, 176, 176, 176, 176, 176, 176,
16384.0K,  89,  89,  89,  89,  89, 176, 176, 176, 176, 176, 176, 176, 176,
BenchMemLat exit code: 0x0100
L1D cacheline size: 64 bytes      [Mode:6 Size:   128K, Stride:   512, #NOP:  0, UnRoll:64]
L2  cacheline size: 64 bytes      [Mode:6 Size:  2048K, Stride:   512, #NOP:  0, UnRoll:64]
Mem latency: 113.205ns( 183 clks) [Mode:1 Size: 16384K, Stride:  1024, #NOP: 14, UnRoll:64]
L1D latency:   2.449ns(   4 clks) [Mode:1 Size:    64K, Stride:    64, #NOP:  0, UnRoll:64]
L2  latency:  17.171ns(  28 clks) [Mode:1 Size:  1024K, Stride:    64, #NOP: 14, UnRoll:64]