Copyright (C) 2003, 2009 Lavalys Consulting Group, Inc. All rights reserved.
Benchmarks64.exe build: 2.4.259.0 Feb 17 2009 10:37:19
CPUCount: 1, procMask: 0x0000000000000001 Size of Memory: 1963712KB Priority:080
CPU#00 Vendor: CentaurHauls CoreType:0x300006f2
CPU#00 Family: 6 Model: 0f Stepping: 2 Type: "               VIA Nano processor L2200@1600MHz"
CPU#00 Features: TSC, FPU, CMOV, MMX, SSE, SSE2, SSE3, SSSE3, AMD64, ACE, L/SAHF, CMPXCHG8B, CMPXCHG16B
CPU#00 Frequency: 1615.62MHz  OS:6.1.7000 
CPU#00 AffMask:0x0000000000000001 APIC_ID:0x00000000 Phys_ID:000 Core_ID:00 SMT_ID:00 PhysMask:0x0000000000000001 
CPU#00 L1I cache:    64KB,   64 byte cache line, 16 way, SMask:0000000000000001
CPU#00 L1D cache:    64KB,   64 byte cache line, 16 way, SMask:0000000000000001
CPU#00 L2  cache:  1024KB,   64 byte cache line, 16 way, SMask:0000000000000001, exclusive
CPU#00 AffMask:0x0000000000000001 APIC_ID:0x00000000 Phys_ID:000 Core_ID:00 SMT_ID:00 PhysMask:0x0000000000000001 
Parameters: "-ph -l "
Memory Latency ProcMask:0x0000000000000001 #NOP:0
*** Linear Read Latency ***
Stride,     8,  16,  32,  64, 128, 256, 512,  1K,  2K,  4K,  8K, 16K,
   0.25K,   4,   3,   4,   4,   4,
   0.50K,   4,   4,   4,   4,   4,   4,
    1.0K,   4,   4,   4,   4,   4,   4,   4,
    2.0K,   4,   4,   4,   4,   4,   4,   4,   4,
    4.0K,   4,   4,   4,   4,   4,   4,   4,   4,   4,
    8.0K,   4,   4,   4,   4,   4,   4,   4,   4,   4,   4,
   16.0K,   4,   4,   4,   4,   4,   4,   4,   4,   4,   4,   4,
   32.0K,   4,   4,   4,   4,   4,   4,   4,   4,   4,   4,   4,   4,
   64.0K,   4,   4,   4,   4,   4,   4,   4,   4,   4,   4,   4,   4,
  128.0K,   6,   9,  14,  24,  24,  24,  24,  24,  24,  24,   4,   4,
  256.0K,   6,   9,  14,  24,  24,  24,  24,  24,  24,  24,  24,   4,
  512.0K,   6,   9,  14,  24,  24,  24,  24,  24,  24,  24,  24,  24,
 1024.0K,   7,   9,  15,  26,  27,  30,  35,  47,  67, 113,  88,  88,
 2048.0K,  25,  45,  89, 177, 177, 181, 186, 199, 223, 281,  99,  88,
 4096.0K,  25,  45,  89, 178, 179, 181, 186, 199, 224, 283, 281,  99,
 8192.0K,  25,  45,  89, 178, 178, 181, 187, 199, 222, 281, 284, 282,
16384.0K,  25,  45,  89, 178, 179, 181, 186, 200, 221, 281, 283, 285,
*** Backward Read Latency ***
Stride,     8,  16,  32,  64, 128, 256, 512,  1K,  2K,  4K,  8K, 16K,
   0.25K,   4,   3,   4,   4,   4,
   0.50K,   4,   4,   4,   4,   4,   4,
    1.0K,   4,   4,   4,   4,   4,   4,   4,
    2.0K,   4,   4,   4,   4,   4,   4,   4,   4,
    4.0K,   4,   4,   4,   4,   4,   4,   4,   4,   4,
    8.0K,   4,   4,   4,   4,   4,   4,   4,   4,   4,   4,
   16.0K,   4,   4,   4,   4,   4,   4,   4,   4,   4,   4,   4,
   32.0K,   4,   4,   4,   4,   4,   4,   4,   4,   4,   4,   4,   4,
   64.0K,   4,   4,   4,   4,   4,   4,   4,   4,   4,   4,   4,   4,
  128.0K,   6,   9,  14,  24,  24,  24,  24,  24,  24,  24,   4,   4,
  256.0K,   6,   9,  14,  24,  24,  24,  24,  24,  24,  24,  24,   4,
  512.0K,   6,   9,  14,  24,  24,  24,  24,  24,  24,  24,  24,  24,
 1024.0K,   7,   9,  15,  26,  27,  29,  35,  43,  62, 101,  88,  87,
 2048.0K,  25,  45,  89, 177, 178, 181, 184, 195, 223, 281,  99,  88,
 4096.0K,  25,  45,  89, 177, 178, 181, 185, 199, 219, 282, 282, 100,
 8192.0K,  25,  45,  89, 178, 179, 181, 186, 196, 219, 281, 281, 282,
16384.0K,  25,  45,  89, 177, 181, 181, 186, 199, 222, 284, 280, 283,
*** BlockRandom Read Latency ***
Block,      8,  16,  32,  64, 128, 256, 512,  1K,  2K,  4K,  8K, 16K,
   0.50K,   4,
    1.0K,   4,   4,
    2.0K,   4,   4,   4,
    4.0K,   4,   4,   4,   4,
    8.0K,   4,   4,   4,   4,   4,
   16.0K,   4,   4,   4,   4,   4,   4,
   32.0K,   4,   4,   4,   4,   4,   4,   4,
   64.0K,   4,   4,   4,   4,   4,   4,   4,   4,
  128.0K,  24,  24,  24,  24,  24,  24,  24,  24,  24,
  256.0K,  24,  24,  24,  24,  24,  24,  24,  24,  24,  24,
  512.0K,  24,  24,  24,  24,  24,  24,  24,  24,  24,  24,  24,
 1024.0K,  26,  26,  26,  26,  29,  30,  31,  32,  31,  30,  31,  59,
 2048.0K, 178, 177, 177, 178, 184, 191, 194, 205, 213, 218, 220, 250,
 4096.0K, 178, 178, 178, 177, 182, 190, 194, 204, 213, 218, 221, 251,
 8192.0K, 178, 178, 178, 178, 183, 188, 193, 204, 213, 219, 221, 252,
16384.0K, 177, 178, 177, 177, 183, 187, 193, 204, 214, 218, 221, 251,
*** Random Read Latency ***
Stride,     8,  16,  32,  64, 128, 256, 512,  1K,  2K,  4K,  8K, 16K,
   0.25K,   4,   3,   4,   4,   4,
   0.50K,   4,   4,   4,   4,   4,   4,
    1.0K,   4,   4,   4,   4,   4,   4,   4,
    2.0K,   4,   4,   4,   4,   4,   4,   4,   4,
    4.0K,   4,   4,   4,   4,   4,   4,   4,   4,   4,
    8.0K,   4,   4,   4,   4,   4,   4,   4,   4,   4,   4,
   16.0K,   4,   4,   4,   4,   4,   4,   4,   4,   4,   4,   4,
   32.0K,   4,   4,   4,   4,   4,   4,   4,   4,   4,   4,   4,   4,
   64.0K,   4,   4,   5,   4,   4,   4,   4,   4,   4,   4,   4,   4,
  128.0K,  15,  16,  18,  24,  24,  24,  24,  24,  24,  24,   4,   4,
  256.0K,  19,  20,  21,  24,  24,  24,  24,  24,  24,  24,  24,   4,
  512.0K,  22,  22,  23,  24,  24,  24,  24,  24,  24,  24,  24,  24,
 1024.0K,  56,  56,  57,  59,  59,  61,  62,  65,  72,  98,  88,  88,
 2048.0K, 173, 182, 204, 266, 266, 264, 269, 266, 269, 281, 107,  87,
 4096.0K, 229, 234, 247, 275, 275, 275, 276, 277, 279, 283, 282,  98,
 8192.0K, 257, 260, 266, 280, 280, 280, 280, 281, 280, 285, 285, 278,
16384.0K, 274, 275, 278, 284, 284, 283, 283, 282, 283, 282, 284, 284,
*** CacheLine Forward Read Latency ***
Distance,   8,  16,  24,  32,  48,  64,  96, 128, 160, 192, 224, 256,
    8.0K,   4,   4,   4,   4,   4,   4,   4,   4,   4,   4,
   16.0K,   4,   4,   4,   4,   4,   4,   4,   4,   4,   4,   4,
   32.0K,   4,   4,   4,   4,   4,   4,   4,   4,   4,   4,   4,   4,
   64.0K,   4,   4,   4,   4,   4,   4,   4,   4,   4,   4,   4,   4,
  128.0K,  14,  14,  14,  14,  14,  24,  24,  24,  24,  24,  24,  24,
  256.0K,  14,  14,  14,  14,  14,  24,  24,  24,  24,  24,  24,  24,
  512.0K,  14,  14,  14,  14,  14,  24,  24,  24,  24,  24,  24,  24,
 1024.0K,  19,  20,  20,  20,  19,  30,  30,  30,  30,  29,  30,  30,
 2048.0K,  92,  91,  92,  91,  90, 178, 178, 180, 180, 177, 177, 179,
 4096.0K,  91,  90,  91,  92,  91, 178, 180, 180, 180, 180, 179, 179,
 8192.0K,  91,  91,  91,  91,  92, 179, 180, 180, 180, 179, 179, 179,
16384.0K,  91,  92,  91,  91,  91, 179, 180, 180, 179, 179, 180, 180,
*** CacheLine Backward Read Latency ***
Distance,   8,  16,  24,  32,  48,  64,  96, 128, 160, 192, 224, 256,
    8.0K,   4,   4,   4,   4,   4,   4,   4,   4,   4,   4,
   16.0K,   4,   4,   4,   4,   4,   4,   4,   4,   4,   4,   4,
   32.0K,   4,   4,   4,   4,   4,   4,   4,   4,   4,   4,   4,   4,
   64.0K,   4,   4,   4,   4,   4,   4,   4,   4,   4,   4,   4,   4,
  128.0K,  14,  14,  14,  14,  14,  24,  24,  24,  24,  24,  24,  24,
  256.0K,  14,  14,  14,  14,  14,  24,  24,  24,  24,  24,  24,  24,
  512.0K,  14,  14,  14,  14,  14,  24,  24,  24,  24,  24,  24,  24,
 1024.0K,  20,  19,  20,  18,  19,  30,  29,  30,  29,  29,  30,  30,
 2048.0K,  91,  91,  92,  90,  91, 177, 178, 178, 177, 180, 180, 179,
 4096.0K,  90,  91,  92,  92,  90, 180, 180, 179, 179, 178, 178, 178,
 8192.0K,  92,  92,  91,  91,  92, 180, 179, 179, 180, 180, 179, 180,
16384.0K,  92,  91,  92,  91,  91, 180, 180, 180, 179, 180, 180, 180,
BenchMemLat exit code: 0x0100
L1D cacheline size: 64 bytes      [Mode:6 Size:   128K, Stride:   512, #NOP:  0, UnRoll:64]
L2  cacheline size: 64 bytes      [Mode:6 Size:  2048K, Stride:   512, #NOP:  0, UnRoll:64]
Mem latency: 117.085ns( 189 clks) [Mode:1 Size: 16384K, Stride:  1024, #NOP: 14, UnRoll:64]
L1D latency:   2.449ns(   4 clks) [Mode:1 Size:    64K, Stride:    64, #NOP:  0, UnRoll:64]
L2  latency:  16.225ns(  26 clks) [Mode:1 Size:  1024K, Stride:    64, #NOP: 14, UnRoll:64]