Copyright (C) 2003, 2009 Lavalys Consulting Group, Inc. All rights reserved.
everest_bench.dll build: 2.4.279.0 Nov 13 2009 13:45:42
CPUCount: 1, procMask: 0x00000001 Size of Memory: 1833292KB Priority:080
CPU#00 Vendor: CentaurHauls CoreType:0x300006f8
CPU#00 Family: 6 Model: 0f Stepping: 8 Type: "                         VIA Nano L3050@1800MHz"
CPU#00 Features: TSC, FPU, CMOV, MMX, SSE, SSE2, SSE3, SSSE3, SSE4.1, POPCNT, ACE, CMPXCHG8B
CPU#00 Frequency: 1799.95MHz  OS:5.1.2600 Service Pack 2
CPU#00 AffMask:0x00000001 APIC_ID:0x00000000 Phys_ID:000 Core_ID:00 SMT_ID:00 PhysMask:0x00000001 
CPU#00 L1I cache:    64KB,   64 byte cache line, 16 way, SMask:00000001
CPU#00 L1D cache:    64KB,   64 byte cache line, 16 way, SMask:00000001
CPU#00 L2  cache:  1024KB,   64 byte cache line, 16 way, SMask:00000001, exclusive
CPU#00 AffMask:0x00000001 APIC_ID:0x00000000 Phys_ID:000 Core_ID:00 SMT_ID:00 PhysMask:0x00000001 
Memory Latency ProcMask:0x00000001 #NOP:0
*** Linear Read Latency ***
Stride,     4,   8,  16,  32,  64, 128, 256, 512,  1K,  2K,  4K,  8K, 16K,
   0.25K,   4,   4,   4,   4,   4,   4,
   0.50K,   4,   4,   4,   4,   4,   4,   4,
    1.0K,   4,   4,   4,   4,   4,   4,   4,   4,
    2.0K,   4,   4,   4,   4,   4,   4,   4,   4,   4,
    4.0K,   4,   4,   4,   4,   4,   4,   4,   4,   4,   4,
    8.0K,   4,   4,   4,   4,   4,   4,   4,   4,   4,   4,   4,
   16.0K,   4,   4,   4,   4,   4,   4,   4,   4,   4,   4,   4,   4,
   32.0K,   4,   4,   4,   4,   4,   4,   4,   4,   4,   4,   4,   4,   4,
   64.0K,   4,   4,   4,   4,   4,   4,   4,   4,   4,   4,   4,   4,   4,
  128.0K,   4,   4,   8,  12,  20,  20,  20,  20,  20,  20,  20,   4,   4,
  256.0K,   4,   4,   8,  12,  20,  20,  20,  20,  20,  20,  20,  20,   4,
  512.0K,   4,   4,   8,  12,  20,  20,  20,  20,  20,  20,  20,  20,  20,
 1024.0K,   4,   4,   8,  12,  20,  20,  21,  21,  22,  25,  29,  29,  29,
 2048.0K,   4,   6,  11,  22,  42, 113, 119, 132, 158, 202, 236,  39,  39,
 4096.0K,   4,   6,  11,  22,  42, 113, 119, 133, 158, 202, 236, 236,  39,
 8192.0K,   4,   6,  11,  22,  42, 113, 119, 131, 156, 202, 233, 237, 236,
16384.0K,   4,   6,  11,  22,  42, 113, 119, 132, 158, 201, 236, 232, 234,
*** Backward Read Latency ***
Stride,     4,   8,  16,  32,  64, 128, 256, 512,  1K,  2K,  4K,  8K, 16K,
   0.25K,   4,   4,   4,   4,   4,   4,
   0.50K,   4,   4,   4,   4,   4,   4,   4,
    1.0K,   4,   4,   4,   4,   4,   4,   4,   4,
    2.0K,   4,   4,   4,   4,   4,   4,   4,   4,   4,
    4.0K,   4,   4,   4,   4,   4,   4,   4,   4,   4,   4,
    8.0K,   4,   4,   4,   4,   4,   4,   4,   4,   4,   4,   4,
   16.0K,   4,   4,   4,   4,   4,   4,   4,   4,   4,   4,   4,   4,
   32.0K,   4,   4,   4,   4,   4,   4,   4,   4,   4,   4,   4,   4,   4,
   64.0K,   4,   4,   4,   4,   4,   4,   4,   4,   4,   4,   4,   4,   4,
  128.0K,   4,   6,   8,  12,  20,  20,  20,  20,  20,  20,  20,   4,   4,
  256.0K,   4,   6,   8,  12,  20,  20,  20,  20,  20,  20,  20,  20,   4,
  512.0K,   4,   6,   8,  12,  20,  20,  20,  20,  20,  20,  20,  20,  20,
 1024.0K,   4,   6,   8,  12,  20,  20,  21,  21,  22,  25,  29,  29,  29,
 2048.0K,   5,   7,  12,  23,  44, 113, 119, 132, 157, 201, 231,  39,  39,
 4096.0K,   5,   7,  12,  23,  44, 113, 119, 132, 157, 201, 232, 231,  39,
 8192.0K,   5,   7,  12,  23,  44, 113, 119, 132, 158, 202, 237, 237, 236,
16384.0K,   5,   7,  12,  23,  44, 113, 120, 132, 158, 202, 237, 233, 234,
*** BlockRandom Read Latency ***
Block,      8,  16,  32,  64, 128, 256, 512,  1K,  2K,  4K,  8K, 16K,
   0.50K,   4,
    1.0K,   4,   4,
    2.0K,   4,   4,   4,
    4.0K,   4,   4,   4,   4,
    8.0K,   4,   4,   4,   4,   4,
   16.0K,   4,   4,   4,   4,   4,   4,
   32.0K,   4,   4,   4,   4,   4,   4,   4,
   64.0K,   4,   4,   4,   4,   4,   4,   4,   4,
  128.0K,  20,  20,  20,  20,  20,  20,  20,  20,  20,
  256.0K,  20,  20,  20,  20,  20,  20,  20,  20,  20,  20,
  512.0K,  20,  20,  20,  20,  20,  20,  20,  20,  20,  20,  20,
 1024.0K,  20,  20,  20,  20,  20,  20,  20,  23,  23,  23,  23,  26,
 2048.0K,  97, 102, 103, 102, 112, 145, 175, 189, 199, 203, 206, 211,
 4096.0K,  98, 102, 103, 103, 124, 148, 174, 189, 199, 204, 206, 212,
 8192.0K,  98, 103, 103, 103, 123, 148, 174, 190, 199, 203, 205, 211,
16384.0K,  98, 103, 103, 103, 121, 146, 174, 189, 199, 203, 205, 211,
*** Random Read Latency ***
Stride,     4,   8,  16,  32,  64, 128, 256, 512,  1K,  2K,  4K,  8K, 16K,
   0.25K,   4,   4,   4,   4,   4,   4,
   0.50K,   4,   4,   4,   4,   4,   4,   4,
    1.0K,   4,   4,   4,   4,   4,   4,   4,   4,
    2.0K,   4,   4,   4,   4,   4,   4,   4,   4,   4,
    4.0K,   4,   4,   4,   4,   4,   4,   4,   4,   4,   4,
    8.0K,   4,   4,   4,   4,   4,   4,   4,   4,   4,   4,   4,
   16.0K,   4,   4,   4,   4,   4,   4,   4,   4,   4,   4,   4,   4,
   32.0K,   4,   4,   4,   4,   4,   4,   4,   4,   4,   4,   4,   4,   4,
   64.0K,   4,   4,   4,   5,   4,   4,   4,   4,   4,   4,   4,   4,   4,
  128.0K,  12,  13,  13,  15,  20,  20,  20,  20,  20,  20,  20,   4,   4,
  256.0K,  16,  16,  17,  18,  20,  20,  20,  20,  20,  20,  20,  20,   4,
  512.0K,  18,  18,  18,  19,  20,  20,  20,  20,  20,  20,  20,  20,  20,
 1024.0K,  26,  26,  26,  26,  26,  26,  26,  27,  27,  27,  29,  29,  29,
 2048.0K, 124, 128, 137, 158, 218, 219, 218, 219, 220, 223, 226,  47,  39,
 4096.0K, 175, 178, 183, 196, 223, 223, 223, 224, 224, 223, 226, 226,  44,
 8192.0K, 201, 203, 206, 212, 225, 225, 225, 225, 225, 225, 225, 225, 226,
16384.0K, 214, 215, 217, 221, 227, 227, 226, 226, 227, 227, 228, 228, 229,
*** CacheLine Forward Read Latency ***
Distance,   8,  16,  24,  32,  48,  64,  96, 128, 160, 192, 224, 256, 288,
    8.0K,   4,   4,   4,   4,   4,   4,   4,   4,   4,   4,   4,
   16.0K,   4,   4,   4,   4,   4,   4,   4,   4,   4,   4,   4,   4,
   32.0K,   4,   4,   4,   4,   4,   4,   4,   4,   4,   4,   4,   4,   4,
   64.0K,   4,   4,   4,   4,   4,   4,   4,   4,   4,   4,   4,   4,   4,
  128.0K,  12,  12,  12,  12,  12,  20,  20,  20,  20,  20,  20,  20,  20,
  256.0K,  12,  12,  12,  12,  12,  20,  20,  20,  20,  20,  20,  20,  20,
  512.0K,  12,  12,  12,  12,  12,  20,  20,  20,  20,  20,  20,  20,  20,
 1024.0K,  13,  13,  13,  13,  13,  21,  21,  21,  21,  21,  21,  21,  21,
 2048.0K,  62,  61,  62,  61,  62, 104, 104, 121, 121, 121, 121, 112, 111,
 4096.0K,  62,  62,  61,  61,  61, 104, 104, 122, 122, 122, 122, 111, 112,
 8192.0K,  62,  62,  62,  62,  62, 104, 104, 122, 122, 122, 123, 111, 112,
16384.0K,  63,  62,  62,  63,  62, 105, 105, 123, 123, 123, 123, 112, 112,
*** CacheLine Backward Read Latency ***
Distance,   8,  16,  24,  32,  48,  64,  96, 128, 160, 192, 224, 256, 288,
    8.0K,   4,   4,   4,   4,   4,   4,   4,   4,   4,   4,   4,
   16.0K,   4,   4,   4,   4,   4,   4,   4,   4,   4,   4,   4,   4,
   32.0K,   4,   4,   4,   4,   4,   4,   4,   4,   4,   4,   4,   4,   4,
   64.0K,   4,   4,   4,   4,   4,   4,   4,   4,   4,   4,   4,   4,   4,
  128.0K,  12,  12,  12,  12,  12,  20,  20,  20,  20,  20,  20,  20,  20,
  256.0K,  12,  12,  12,  12,  12,  20,  20,  20,  20,  20,  20,  20,  20,
  512.0K,  12,  12,  12,  12,  12,  20,  20,  20,  20,  20,  20,  20,  20,
 1024.0K,  13,  13,  13,  13,  13,  21,  21,  21,  21,  21,  21,  21,  21,
 2048.0K,  61,  62,  61,  62,  62, 105, 103, 122, 122, 123, 123, 122, 123,
 4096.0K,  62,  61,  62,  62,  62, 105, 105, 122, 122, 123, 122, 122, 122,
 8192.0K,  62,  62,  62,  62,  62, 105, 104, 123, 122, 122, 122, 122, 123,
16384.0K,  62,  62,  62,  62,  62, 104, 105, 122, 122, 122, 122, 122, 122,
BenchMemLat exit code: 0x0100
L1D cacheline size: 64 bytes      [Mode:6 Size:   128K, Stride:   512, #NOP:  0, UnRoll:64]
L2  cacheline size: 64 bytes      [Mode:6 Size:  2048K, Stride:   512, #NOP:  0, UnRoll:64]
Mem latency:  80.115ns( 144 clks) [Mode:1 Size: 16384K, Stride:  1024, #NOP: 59, UnRoll:64]
L1D latency:   2.197ns(   4 clks) [Mode:1 Size:    64K, Stride:    64, #NOP:  0, UnRoll:64]
L2  latency:  12.239ns(  22 clks) [Mode:1 Size:  1024K, Stride:    64, #NOP: 24, UnRoll:64]