Copyright (C) 2003, 2009 Lavalys Consulting Group, Inc. All rights reserved.
everest_bench.dll build: 2.4.273.0 Oct 21 2009 23:53:40
CPUCount: 1, procMask: 0x00000001 Size of Memory: 523764KB Priority:020
CPU#00 Vendor: CentaurHauls CoreType:0x30000587
CPU#00 Family: 5 Modell: 08 Stepping: 7 Type: "IDT WinChip 2-3D"
CPU#00 Features: TSC, FPU, MMX, 3DNow!, CMPXCHG8B
CPU#00 Frequency:  224.59MHz  OS:5.1.2600 Szervizcsomag 2
CPU#00 AffMask:0x00000001 APIC_ID:0x00000000 Phys_ID:000 Core_ID:00 SMT_ID:00 PhysMask:0x00000001 
CPU#00 L1I cache:    32KB,   32 byte cache line,  2 way, SMask:00000001
CPU#00 L1D cache:    32KB,   32 byte cache line,  2 way, SMask:00000001
Memory Latency ProcMask:0x00000001 #NOP:0
*** Linear Read Latency ***
Stride,     4,   8,  16,  32,  64, 128, 256, 512,  1K,  2K,  4K,  8K, 16K,
   0.25K,   2,   2,   2,   2,   3,   3,
   0.50K,   2,   2,   2,   2,   2,   3,   3,
    1.0K,   2,   2,   2,   2,   2,   2,   3,   3,
    2.0K,   2,   2,   2,   2,   2,   2,   2,   3,   3,
    4.0K,   2,   2,   2,   2,   2,   2,   2,   2,   3,   3,
    8.0K,   2,   2,   2,   2,   2,   2,   2,   2,   2,   3,   3,
   16.0K,   2,   2,   2,   2,   2,   2,   2,   2,   2,   2,   3,   3,
   32.0K,   2,   2,   2,   2,   2,   2,   2,   2,   2,   2,   2,   3,   3,
   64.0K,   4,   7,  10,  21,  21,  21,  21,  21,  21,  21,  21,  22,   3,
  128.0K,   4,   7,  10,  21,  21,  21,  22,  22,  21,  21,  21,  21,  21,
  256.0K,   4,   7,  11,  21,  21,  21,  21,  21,  21,  21,  21,  21,  21,
  512.0K,   4,   7,  11,  22,  23,  22,  22,  22,  22,  21,  21,  21,  21,
 1024.0K,   4,   7,  11,  22,  23,  23,  22,  23,  24,  27,  32,  31,  30,
 2048.0K,   4,   8,  13,  23,  24,  26,  24,  25,  26,  33,  43,  34,  30,
 4096.0K,   7,  13,  24,  40,  41,  41,  42,  43,  45,  51,  61,  40,  32,
 8192.0K,   7,  14,  25,  43,  44,  44,  44,  46,  49,  56,  69,  63,  43,
16384.0K,   7,  14,  25,  44,  44,  44,  45,  46,  50,  56,  69,  69,  64,
*** Backward Read Latency ***
Stride,     4,   8,  16,  32,  64, 128, 256, 512,  1K,  2K,  4K,  8K, 16K,
   0.25K,   2,   2,   2,   2,   3,   3,
   0.50K,   2,   2,   2,   2,   2,   3,   3,
    1.0K,   2,   2,   2,   2,   2,   2,   3,   3,
    2.0K,   2,   2,   2,   2,   2,   2,   2,   3,   3,
    4.0K,   2,   2,   2,   2,   2,   2,   2,   2,   3,   3,
    8.0K,   2,   2,   2,   2,   2,   2,   2,   2,   2,   3,   3,
   16.0K,   2,   2,   2,   2,   2,   2,   2,   2,   2,   2,   3,   3,
   32.0K,   2,   2,   2,   2,   2,   2,   2,   2,   2,   2,   2,   3,   3,
   64.0K,   4,   7,  10,  21,  21,  21,  21,  21,  21,  21,  21,  20,   3,
  128.0K,   4,   7,  10,  21,  21,  21,  21,  21,  21,  21,  21,  21,  21,
  256.0K,   4,   7,  11,  21,  21,  21,  21,  21,  21,  21,  21,  21,  21,
  512.0K,   4,   7,  11,  23,  22,  23,  22,  23,  21,  22,  22,  21,  21,
 1024.0K,   4,   8,  13,  27,  25,  26,  26,  26,  28,  31,  35,  32,  30,
 2048.0K,   5,   9,  13,  24,  24,  26,  25,  27,  30,  35,  44,  37,  32,
 4096.0K,   7,  13,  23,  41,  41,  41,  42,  44,  46,  52,  62,  48,  38,
 8192.0K,   7,  14,  25,  44,  44,  44,  45,  46,  49,  56,  68,  62,  48,
16384.0K,   7,  14,  25,  44,  44,  44,  45,  46,  50,  56,  72,  68,  62,
*** BlockRandom Read Latency ***
Block,      8,  16,  32,  64, 128, 256, 512,  1K,  2K,  4K,  8K, 16K,
   0.25K,   2,
   0.50K,   2,   2,
    1.0K,   2,   2,   2,
    2.0K,   2,   2,   2,   2,
    4.0K,   2,   2,   2,   2,   2,
    8.0K,   2,   2,   2,   2,   2,   2,
   16.0K,   2,   2,   2,   2,   2,   2,   2,
   32.0K,   2,   2,   2,   2,   2,   2,   2,   2,
   64.0K,  21,  21,  21,  21,  21,  21,  21,  21,  22,
  128.0K,  21,  21,  21,  21,  21,  21,  21,  21,  21,  21,
  256.0K,  21,  21,  21,  21,  21,  21,  21,  21,  21,  21,  21,
  512.0K,  22,  23,  21,  23,  24,  23,  23,  24,  22,  22,  23,  21,
 1024.0K,  25,  26,  26,  25,  26,  27,  28,  27,  27,  27,  28,  28,
 2048.0K,  32,  33,  33,  33,  33,  32,  31,  32,  31,  32,  32,  31,
 4096.0K,  41,  41,  41,  41,  41,  41,  41,  41,  41,  41,  42,  41,
 8192.0K,  44,  43,  43,  43,  43,  43,  44,  43,  44,  43,  43,  44,
16384.0K,  44,  44,  44,  44,  44,  44,  44,  44,  44,  44,  44,  44,
*** Random Read Latency ***
Stride,     4,   8,  16,  32,  64, 128, 256, 512,  1K,  2K,  4K,  8K, 16K,
   0.25K,   2,   2,   2,   2,   3,   3,
   0.50K,   2,   2,   2,   2,   2,   3,   3,
    1.0K,   2,   2,   2,   2,   2,   2,   3,   3,
    2.0K,   2,   2,   2,   2,   2,   2,   2,   3,   3,
    4.0K,   2,   2,   2,   2,   2,   2,   2,   2,   3,   3,
    8.0K,   2,   2,   2,   2,   2,   2,   2,   2,   2,   3,   3,
   16.0K,   2,   2,   2,   2,   2,   2,   2,   2,   2,   2,   3,   3,
   32.0K,   2,   2,   2,   2,   2,   2,   2,   2,   2,   2,   2,   3,   3,
   64.0K,  12,  12,  15,  21,  21,  21,  21,  21,  21,  21,  22,  23,   3,
  128.0K,  16,  17,  18,  21,  21,  21,  21,  21,  22,  21,  21,  21,  21,
  256.0K,  19,  19,  20,  21,  21,  21,  21,  21,  21,  21,  21,  21,  21,
  512.0K,  20,  21,  21,  22,  21,  22,  22,  24,  22,  22,  21,  21,  21,
 1024.0K,  33,  33,  35,  34,  34,  32,  32,  30,  33,  33,  37,  38,  37,
 2048.0K,  43,  43,  45,  48,  46,  45,  43,  45,  51,  44,  48,  43,  40,
 4096.0K,  55,  56,  58,  64,  63,  64,  62,  63,  63,  63,  63,  53,  46,
 8192.0K,  63,  63,  65,  69,  69,  69,  68,  68,  69,  69,  70,  66,  55,
16384.0K,  67,  67,  68,  70,  70,  70,  70,  70,  70,  71,  71,  70,  66,
*** CacheLine Forward Read Latency ***
Distance,   8,  16,  24,  32,  48,  64,  96, 128, 160, 192, 224, 256, 288,
    8.0K,   2,   2,   2,   2,   2,   2,   2,   2,   2,   2,   2,
   16.0K,   2,   2,   2,   2,   2,   2,   2,   2,   2,   2,   2,   2,
   32.0K,   2,   2,   2,   2,   2,   2,   2,   2,   2,   2,   2,   2,   2,
   64.0K,   9,   9,   9,  17,  17,  17,  17,  17,  17,  17,  17,  17,  17,
  128.0K,   9,   9,   9,  17,  17,  18,  17,  17,  17,  18,  17,  17,  17,
  256.0K,   9,   9,   9,  17,  17,  17,  17,  17,  17,  17,  17,  17,  17,
  512.0K,  12,  10,  10,  20,  18,  19,  18,  18,  17,  18,  19,  20,  19,
 1024.0K,  13,  13,  13,  23,  23,  23,  22,  21,  23,  22,  24,  24,  24,
 2048.0K,  17,  17,  17,  32,  32,  31,  33,  33,  32,  31,  31,  32,  32,
 4096.0K,  23,  23,  23,  42,  42,  43,  43,  43,  43,  43,  42,  43,  43,
 8192.0K,  25,  25,  25,  46,  46,  46,  46,  46,  46,  46,  46,  46,  46,
16384.0K,  25,  25,  25,  47,  47,  47,  47,  47,  47,  47,  47,  47,  47,
*** CacheLine Backward Read Latency ***
Distance,   8,  16,  24,  32,  48,  64,  96, 128, 160, 192, 224, 256, 288,
    8.0K,   2,   2,   2,   2,   2,   2,   2,   2,   2,   2,   2,
   16.0K,   2,   2,   2,   2,   2,   2,   2,   2,   2,   2,   2,   2,
   32.0K,   2,   2,   2,   2,   2,   2,   2,   2,   2,   2,   2,   2,   2,
   64.0K,  10,   9,   9,  17,  17,  17,  17,  17,  17,  17,  17,  17,  17,
  128.0K,   9,  10,   9,  17,  17,  17,  17,  18,  17,  17,  17,  17,  17,
  256.0K,   9,   9,   9,  17,  17,  17,  17,  17,  17,  17,  17,  17,  17,
  512.0K,  10,  10,  11,  19,  18,  20,  18,  20,  19,  18,  19,  20,  20,
 1024.0K,  14,  13,  13,  25,  24,  25,  24,  23,  22,  23,  23,  23,  23,
 2048.0K,  16,  17,  17,  32,  32,  33,  32,  33,  33,  34,  32,  32,  33,
 4096.0K,  23,  23,  23,  42,  43,  43,  43,  43,  42,  43,  42,  43,  43,
 8192.0K,  25,  25,  25,  46,  46,  46,  46,  46,  46,  46,  46,  46,  46,
16384.0K,  25,  25,  25,  47,  47,  47,  47,  47,  47,  47,  47,  47,  47,
BenchMemLat exit code: 0x0100
L1D cacheline size: 32 bytes      [Mode:6 Size:    64K, Stride:   512, #NOP:  0, UnRoll:64]
Mem latency: 217.883ns(  49 clks) [Mode:1 Size: 16384K, Stride:  1024, #NOP:  3, UnRoll:32]
L1D latency:   8.836ns(   2 clks) [Mode:1 Size:    32K, Stride:    32, #NOP:  0, UnRoll:64]
Running time:    667 seconds.
