Copyright (C) 2003, 2009 Lavalys Consulting Group, Inc. All rights reserved.
everest_bench.dll build: 2.5.290.0 Mar  2 2010 18:16:35
CPUCount: 1, procMask: 0x00000001 Size of Memory: 261664KB Priority:080
CPU#00 Vendor: CentaurHauls CoreType:0x30000541
CPU#00 Family: 5 Modell: 04 Stepping: 1
CPU#00 Features: TSC, FPU, MMX, CMPXCHG8B
CPU#00 Frequency:  240.84MHz  OS:5.1.2600 Service Pack 3, v.5857
CPU#00 AffMask:0x00000001 APIC_ID:0x00000000 Phys_ID:000 Core_ID:00 SMT_ID:00 PhysMask:0x00000001 
CPU#00 L1I cache:    32KB,   32 byte cache line,  2 way, SMask:00000001
CPU#00 L1D cache:    32KB,   32 byte cache line,  2 way, SMask:00000001
CPU#00 AffMask:0x00000001 APIC_ID:0x00000000 Phys_ID:000 Core_ID:00 SMT_ID:00 PhysMask:0x00000001 
Parameters: "-ph -d8190 -l "
Memory Latency ProcMask:0x00000001 #NOP:0
*** Linear Read Latency ***
Stride,     4,   8,  16,  32,  64, 128, 256, 512,  1K,  2K,  4K,  8K, 16K,
   0.25K,   2,   2,   2,   3,   3,   4,
   0.50K,   2,   2,   2,   2,   3,   3,   4,
    1.0K,   2,   2,   2,   2,   2,   3,   3,   4,
    2.0K,   2,   2,   2,   2,   2,   2,   3,   3,   4,
    4.0K,   2,   2,   2,   2,   2,   2,   2,   3,   3,   4,
    8.0K,   2,   2,   2,   2,   2,   2,   2,   2,   3,   3,   4,
   16.0K,   2,   2,   2,   2,   2,   2,   2,   2,   2,   3,   3,   4,
   32.0K,   2,   2,   2,   2,   2,   2,   2,   2,   2,   2,   3,   3,   4,
   64.0K,   8,  14,  28,  47,  51,  47,  53,  50,  60,  68,  66,  71,  79,
  128.0K,   8,  15,  28,  45,  51,  48,  53,  52,  60,  65,  63,  63,  59,
  256.0K,   8,  16,  29,  51,  48,  54,  51,  56,  58,  64,  58,  63,  61,
  512.0K,   8,  16,  30,  51,  53,  55,  57,  60,  65,  89,  95, 116, 103,
 1024.0K,   9,  16,  30,  52,  52,  53,  58,  62,  77,  80, 102,  88,  86,
 2048.0K,   9,  17,  31,  55,  55,  55,  58,  64,  75,  99, 131, 100,  87,
 4096.0K,   9,  17,  33,  58,  58,  58,  63,  70,  83, 105, 152, 120, 101,
 8192.0K,   9,  18,  33,  58,  59,  60,  64,  72,  81, 104, 162, 148, 116,
16384.0K,   9,  18,  33,  58,  59,  60,  64,  70,  84, 113, 122, 162, 128,
*** Backward Read Latency ***
Stride,     4,   8,  16,  32,  64, 128, 256, 512,  1K,  2K,  4K,  8K, 16K,
   0.25K,   2,   2,   2,   3,   3,   4,
   0.50K,   2,   2,   2,   2,   3,   3,   4,
    1.0K,   2,   2,   2,   2,   2,   3,   3,   4,
    2.0K,   2,   2,   2,   2,   2,   2,   3,   3,   4,
    4.0K,   2,   2,   2,   2,   2,   2,   2,   3,   3,   4,
    8.0K,   2,   2,   2,   2,   2,   2,   2,   2,   3,   3,   4,
   16.0K,   2,   2,   2,   2,   2,   2,   2,   2,   2,   3,   3,   4,
   32.0K,   2,   2,   2,   2,   2,   2,   2,   2,   2,   2,   3,   3,   4,
   64.0K,   8,  15,  28,  43,  51,  52,  53,  54,  49,  68,  57,  62,  64,
  128.0K,   8,  15,  29,  50,  48,  51,  46,  46,  56,  54,  53,  64,  80,
  256.0K,   8,  15,  27,  47,  45,  46,  48,  49,  52,  54,  59,  59,  58,
  512.0K,   8,  15,  29,  50,  49,  52,  53,  58,  61,  80,  92,  94,  92,
 1024.0K,   9,  16,  30,  53,  54,  54,  55,  60,  68,  78,  88,  89,  83,
 2048.0K,   9,  17,  31,  55,  56,  57,  59,  64,  73,  95, 112, 106,  87,
 4096.0K,   9,  17,  33,  57,  58,  60,  61,  71,  84, 110, 142, 137, 112,
 8192.0K,   9,  18,  33,  58,  59,  61,  63,  72,  87, 105, 137, 146, 154,
16384.0K,   9,  18,  33,  58,  59,  61,  63,  73,  85, 113, 140, 134, 106,
*** BlockRandom Read Latency ***
Block,      8,  16,  32,  64, 128, 256, 512,  1K,  2K,  4K,  8K, 16K,
   0.25K,   3,
   0.50K,   2,   2,
    1.0K,   2,   2,   2,
    2.0K,   2,   2,   2,   2,
    4.0K,   2,   2,   2,   2,   2,
    8.0K,   2,   2,   2,   2,   2,   2,
   16.0K,   2,   2,   2,   2,   2,   2,   2,
   32.0K,   2,   2,   2,   2,   2,   2,   2,   2,
   64.0K,  45,  43,  49,  41,  60,  56,  61,  59,  62,
  128.0K,  44,  51,  43,  49,  54,  55,  58,  64,  61,  62,
  256.0K,  49,  47,  46,  48,  58,  56,  64,  63,  62,  61,  62,
  512.0K,  50,  49,  51,  50,  60,  60,  60,  63,  65,  62,  62, 109,
 1024.0K,  53,  52,  52,  52,  61,  68,  66,  67,  67,  68,  67, 110,
 2048.0K,  55,  55,  55,  55,  65,  70,  70,  69,  71,  72,  71,  89,
 4096.0K,  57,  57,  57,  58,  68,  73,  74,  75,  75,  75,  75, 115,
 8192.0K,  58,  58,  58,  58,  70,  74,  75,  76,  76,  76,  77,  97,
16384.0K,  58,  58,  58,  58,  70,  74,  76,  76,  76,  77,  77, 123,
*** Random Read Latency ***
Stride,     4,   8,  16,  32,  64, 128, 256, 512,  1K,  2K,  4K,  8K, 16K,
   0.25K,   2,   2,   2,   3,   3,   4,
   0.50K,   2,   2,   2,   2,   3,   3,   4,
    1.0K,   2,   2,   2,   2,   2,   3,   3,   4,
    2.0K,   2,   2,   2,   2,   2,   2,   3,   3,   4,
    4.0K,   2,   2,   2,   2,   2,   2,   2,   3,   3,   4,
    8.0K,   2,   2,   2,   2,   2,   2,   2,   2,   3,   3,   4,
   16.0K,   2,   2,   2,   2,   2,   2,   2,   2,   2,   3,   3,   4,
   32.0K,   2,   2,   2,   2,   2,   2,   2,   2,   2,   2,   3,   3,   4,
   64.0K,  36,  38,  42,  59,  59,  63,  53,  55,  63,  52,  63,  73,  64,
  128.0K,  45,  49,  48,  63,  56,  58,  63,  61,  60,  59,  63,  68,  57,
  256.0K,  57,  54,  58,  61,  59,  62,  61,  54,  59,  56,  57,  69,  55,
  512.0K, 102, 105, 104, 106,  94,  96,  87,  78,  73,  95, 110, 115, 104,
 1024.0K,  88, 130, 133, 134, 134, 104,  86,  96,  82,  94, 100, 109, 108,
 2048.0K, 145, 145, 146, 150, 139, 136, 150, 148, 136, 139, 127, 133,  96,
 4096.0K, 155, 145, 156, 161, 159, 148, 147, 145, 118, 156, 147, 160, 151,
 8192.0K, 113, 160, 160, 159, 161, 161, 134, 155, 160, 136, 139, 160, 132,
16384.0K, 159, 163, 162, 138, 135, 151, 147, 145, 134, 134, 134, 140, 162,
*** CacheLine Forward Read Latency ***
Distance,   8,  16,  24,  32,  48,  64,  96, 128, 160, 192, 224, 256, 288,
    8.0K,   2,   2,   2,   2,   2,   2,   2,   2,   2,   2,   2,
   16.0K,   2,   2,   2,   2,   2,   2,   2,   2,   2,   2,   2,   2,
   32.0K,   2,   2,   2,   2,   2,   2,   2,   2,   2,   2,   2,   2,   2,
   64.0K,  22,  25,  26,  50,  52,  43,  44,  48,  50,  43,  43,  52,  52,
  128.0K,  27,  24,  28,  49,  45,  49,  44,  43,  51,  51,  51,  51,  54,
  256.0K,  24,  27,  23,  46,  53,  48,  49,  49,  43,  47,  48,  47,  48,
  512.0K,  27,  27,  30,  52,  50,  52,  50,  51,  55,  51,  51,  52,  51,
 1024.0K,  29,  30,  29,  54,  58,  55,  53,  54,  53,  55,  53,  56,  55,
 2048.0K,  30,  31,  32,  58,  57,  59,  60,  57,  60,  61,  59,  60,  60,
 4096.0K,  35,  35,  35,  62,  60,  64,  63,  63,  61,  60,  64,  60,  64,
 8192.0K,  34,  34,  34,  63,  63,  63,  63,  64,  63,  64,  63,  63,  63,
16384.0K,  34,  36,  34,  65,  64,  63,  64,  64,  63,  63,  65,  64,  62,
*** CacheLine Backward Read Latency ***
Distance,   8,  16,  24,  32,  48,  64,  96, 128, 160, 192, 224, 256, 288,
    8.0K,   2,   2,   2,   2,   2,   2,   2,   2,   2,   2,   2,
   16.0K,   2,   2,   2,   2,   2,   2,   2,   2,   2,   2,   2,   2,
   32.0K,   2,   2,   2,   2,   2,   2,   2,   2,   2,   2,   2,   2,   2,
   64.0K,  25,  26,  27,  45,  48,  50,  50,  50,  50,  50,  39,  57,  50,
  128.0K,  24,  23,  23,  47,  49,  44,  50,  55,  48,  48,  50,  49,  46,
  256.0K,  27,  24,  25,  50,  47,  48,  48,  49,  45,  46,  49,  50,  48,
  512.0K,  29,  27,  27,  53,  52,  52,  52,  52,  53,  52,  52,  52,  53,
 1024.0K,  29,  29,  29,  56,  56,  55,  55,  54,  55,  54,  53,  54,  55,
 2048.0K,  31,  34,  31,  58,  57,  57,  58,  58,  58,  58,  60,  59,  57,
 4096.0K,  32,  35,  35,  63,  62,  63,  60,  62,  63,  63,  62,  63,  63,
 8192.0K,  36,  36,  36,  63,  63,  61,  64,  64,  64,  64,  63,  61,  64,
16384.0K,  36,  35,  35,  65,  64,  64,  64,  64,  64,  64,  65,  64,  63,
BenchMemLat exit code: 0x0100
L1D cacheline size: 32 bytes      [Mode:6 Size:    64K, Stride:   512, #NOP:  0, UnRoll:64]
Mem latency: 347.315ns(  84 clks) [Mode:1 Size: 16384K, Stride:  1024, #NOP: 62, UnRoll:32]
L1D latency:   8.239ns(   2 clks) [Mode:1 Size:    32K, Stride:    32, #NOP:  0, UnRoll:64]