Copyright (C) 2003, 2009 Lavalys Consulting Group, Inc. All rights reserved.
everest_bench.dll build: 2.4.273.0 Oct 21 2009 23:53:40
CPUCount: 1, procMask: 0x00000001 Size of Memory: 523764KB Priority:020
CPU#00 Vendor: CentaurHauls CoreType:0x30000585
CPU#00 Family: 5 Model: 08 Stepping: 5 Type: "IDT WinChip 2-3D"
CPU#00 Features: TSC, FPU, MMX, 3DNow!, CMPXCHG8B
CPU#00 Frequency:  249.64MHz  OS:5.1.2600 Szervizcsomag 2
CPU#00 AffMask:0x00000001 APIC_ID:0x00000000 Phys_ID:000 Core_ID:00 SMT_ID:00 PhysMask:0x00000001 
CPU#00 L1I cache:    32KB,   32 byte cache line,  2 way, SMask:00000001
CPU#00 L1D cache:    32KB,   32 byte cache line,  2 way, SMask:00000001
Memory Latency ProcMask:0x00000001 #NOP:0
*** Linear Read Latency ***
Stride,     4,   8,  16,  32,  64, 128, 256, 512,  1K,  2K,  4K,  8K, 16K,
   0.25K,   2,   2,   2,   2,   3,   3,
   0.50K,   2,   2,   2,   2,   2,   3,   3,
    1.0K,   2,   2,   2,   2,   2,   2,   3,   3,
    2.0K,   2,   2,   2,   2,   2,   2,   2,   3,   3,
    4.0K,   2,   2,   2,   2,   2,   2,   2,   2,   3,   3,
    8.0K,   2,   2,   2,   2,   2,   2,   2,   2,   2,   3,   3,
   16.0K,   2,   2,   2,   2,   2,   2,   2,   2,   2,   2,   3,   3,
   32.0K,   2,   2,   2,   2,   2,   2,   2,   2,   2,   2,   2,   3,   3,
   64.0K,   4,   7,  10,  21,  21,  21,  21,  21,  21,  21,  21,  20,   3,
  128.0K,   4,   7,  10,  21,  21,  21,  21,  21,  21,  21,  21,  21,  21,
  256.0K,   4,   7,  11,  21,  21,  21,  21,  21,  21,  21,  21,  21,  21,
  512.0K,   4,   7,  11,  22,  22,  22,  21,  22,  22,  21,  21,  21,  21,
 1024.0K,   4,   7,  11,  22,  23,  22,  23,  23,  24,  27,  31,  31,  30,
 2048.0K,   4,   8,  13,  27,  30,  33,  32,  32,  30,  36,  44,  35,  31,
 4096.0K,   7,  13,  23,  41,  41,  41,  41,  43,  45,  50,  61,  37,  33,
 8192.0K,   7,  14,  25,  43,  44,  44,  44,  46,  49,  55,  69,  64,  41,
16384.0K,   7,  14,  25,  43,  44,  44,  45,  46,  50,  56,  70,  67,  63,
*** Backward Read Latency ***
Stride,     4,   8,  16,  32,  64, 128, 256, 512,  1K,  2K,  4K,  8K, 16K,
   0.25K,   2,   2,   2,   2,   3,   3,
   0.50K,   2,   2,   2,   2,   2,   3,   3,
    1.0K,   2,   2,   2,   2,   2,   2,   3,   3,
    2.0K,   2,   2,   2,   2,   2,   2,   2,   3,   3,
    4.0K,   2,   2,   2,   2,   2,   2,   2,   2,   3,   3,
    8.0K,   2,   2,   2,   2,   2,   2,   2,   2,   2,   3,   3,
   16.0K,   2,   2,   2,   2,   2,   2,   2,   2,   2,   2,   3,   3,
   32.0K,   2,   2,   2,   2,   2,   2,   2,   2,   2,   2,   2,   3,   3,
   64.0K,   4,   7,  10,  21,  21,  21,  21,  21,  21,  21,  21,  20,   3,
  128.0K,   4,   7,  10,  21,  21,  21,  21,  21,  21,  21,  21,  21,  21,
  256.0K,   4,   7,  10,  21,  21,  21,  21,  21,  21,  21,  21,  21,  21,
  512.0K,   4,   7,  11,  24,  22,  23,  22,  23,  23,  23,  24,  21,  21,
 1024.0K,   5,   8,  14,  25,  25,  24,  25,  25,  27,  32,  37,  34,  30,
 2048.0K,   5,   9,  14,  24,  22,  24,  23,  25,  26,  32,  42,  35,  32,
 4096.0K,   7,  13,  23,  41,  41,  41,  41,  43,  50,  51,  61,  46,  37,
 8192.0K,   7,  14,  25,  43,  44,  44,  45,  46,  49,  55,  67,  63,  50,
16384.0K,   7,  14,  25,  43,  44,  44,  45,  46,  50,  56,  69,  69,  62,
*** BlockRandom Read Latency ***
Block,      8,  16,  32,  64, 128, 256, 512,  1K,  2K,  4K,  8K, 16K,
   0.25K,   2,
   0.50K,   2,   2,
    1.0K,   2,   2,   2,
    2.0K,   2,   2,   2,   2,
    4.0K,   2,   2,   2,   2,   2,
    8.0K,   2,   2,   2,   2,   2,   2,
   16.0K,   2,   2,   2,   2,   2,   2,   2,
   32.0K,   2,   2,   2,   2,   2,   2,   2,   2,
   64.0K,  21,  21,  21,  21,  21,  21,  21,  21,  22,
  128.0K,  21,  21,  22,  21,  21,  21,  21,  21,  21,  21,
  256.0K,  22,  21,  21,  21,  21,  21,  21,  21,  21,  21,  22,
  512.0K,  23,  22,  22,  24,  23,  23,  24,  22,  23,  24,  23,  23,
 1024.0K,  26,  27,  26,  26,  26,  25,  27,  27,  28,  28,  26,  28,
 2048.0K,  31,  33,  33,  33,  32,  32,  32,  33,  32,  32,  32,  32,
 4096.0K,  41,  41,  41,  41,  41,  41,  41,  41,  41,  41,  41,  41,
 8192.0K,  43,  43,  43,  43,  43,  43,  43,  43,  43,  43,  43,  43,
16384.0K,  43,  43,  43,  43,  43,  43,  44,  44,  43,  44,  44,  44,
*** Random Read Latency ***
Stride,     4,   8,  16,  32,  64, 128, 256, 512,  1K,  2K,  4K,  8K, 16K,
   0.25K,   2,   2,   2,   2,   3,   3,
   0.50K,   2,   2,   2,   2,   2,   3,   3,
    1.0K,   2,   2,   2,   2,   2,   2,   3,   3,
    2.0K,   2,   2,   2,   2,   2,   2,   2,   3,   3,
    4.0K,   2,   2,   2,   2,   2,   2,   2,   2,   3,   3,
    8.0K,   2,   2,   2,   2,   2,   2,   2,   2,   2,   3,   3,
   16.0K,   2,   2,   2,   2,   2,   2,   2,   2,   2,   2,   3,   3,
   32.0K,   2,   2,   2,   2,   2,   2,   2,   2,   2,   2,   2,   3,   3,
   64.0K,  11,  12,  15,  21,  21,  21,  21,  21,  21,  21,  21,  20,   3,
  128.0K,  16,  17,  18,  21,  21,  21,  21,  21,  21,  21,  21,  21,  21,
  256.0K,  19,  19,  20,  21,  21,  21,  21,  21,  21,  21,  21,  21,  21,
  512.0K,  21,  21,  22,  23,  23,  22,  21,  25,  22,  22,  24,  21,  21,
 1024.0K,  34,  33,  33,  36,  34,  35,  33,  32,  34,  34,  37,  35,  33,
 2048.0K,  44,  44,  45,  49,  46,  45,  43,  41,  44,  45,  47,  40,  41,
 4096.0K,  55,  55,  58,  63,  63,  63,  63,  61,  64,  62,  64,  50,  46,
 8192.0K,  63,  63,  65,  69,  69,  69,  69,  69,  68,  69,  69,  66,  55,
16384.0K,  67,  67,  68,  70,  70,  70,  70,  70,  70,  70,  70,  71,  67,
*** CacheLine Forward Read Latency ***
Distance,   8,  16,  24,  32,  48,  64,  96, 128, 160, 192, 224, 256, 288,
    8.0K,   2,   2,   2,   2,   2,   2,   2,   2,   2,   2,   2,
   16.0K,   2,   2,   2,   2,   2,   2,   2,   2,   2,   2,   2,   2,
   32.0K,   2,   2,   2,   2,   2,   2,   2,   2,   2,   2,   2,   2,   2,
   64.0K,   9,   9,   9,  17,  17,  17,  17,  17,  17,  17,  17,  17,  17,
  128.0K,   9,   9,   9,  17,  17,  17,  17,  17,  17,  17,  17,  17,  17,
  256.0K,   9,   9,   9,  17,  17,  17,  17,  17,  17,  17,  17,  17,  17,
  512.0K,  11,  10,  11,  19,  19,  18,  18,  18,  19,  19,  19,  19,  19,
 1024.0K,  13,  13,  13,  22,  21,  22,  23,  22,  23,  23,  23,  21,  23,
 2048.0K,  16,  16,  17,  33,  31,  31,  30,  31,  31,  31,  29,  31,  31,
 4096.0K,  23,  23,  23,  42,  43,  42,  42,  43,  43,  43,  43,  43,  43,
 8192.0K,  25,  25,  25,  46,  46,  46,  46,  46,  46,  46,  46,  47,  46,
16384.0K,  25,  25,  25,  47,  47,  47,  47,  47,  47,  47,  47,  47,  47,
*** CacheLine Backward Read Latency ***
Distance,   8,  16,  24,  32,  48,  64,  96, 128, 160, 192, 224, 256, 288,
    8.0K,   2,   2,   2,   2,   2,   2,   2,   2,   2,   2,   2,
   16.0K,   2,   2,   2,   2,   2,   2,   2,   2,   2,   2,   2,   2,
   32.0K,   2,   2,   2,   2,   2,   2,   2,   2,   2,   2,   2,   2,   2,
   64.0K,   9,  11,   9,  19,  17,  17,  17,  17,  17,  17,  17,  17,  17,
  128.0K,   9,  10,   9,  17,  17,  18,  17,  19,  18,  17,  18,  19,  17,
  256.0K,  10,  10,   9,  17,  17,  17,  18,  17,  17,  17,  17,  18,  17,
  512.0K,  11,  10,  11,  20,  20,  21,  19,  20,  18,  20,  19,  19,  18,
 1024.0K,  13,  13,  14,  23,  25,  24,  25,  24,  24,  24,  23,  24,  24,
 2048.0K,  17,  17,  18,  32,  31,  33,  32,  31,  33,  34,  33,  32,  33,
 4096.0K,  23,  23,  23,  42,  42,  43,  43,  43,  43,  43,  43,  43,  43,
 8192.0K,  25,  25,  25,  46,  46,  46,  46,  46,  46,  46,  46,  46,  46,
16384.0K,  25,  25,  25,  47,  47,  47,  47,  47,  47,  47,  47,  47,  47,
BenchMemLat exit code: 0x0100
L1D cacheline size: 32 bytes      [Mode:6 Size:    64K, Stride:   512, #NOP:  0, UnRoll:64]
Mem latency: 196.162ns(  49 clks) [Mode:1 Size: 16384K, Stride:  1024, #NOP:  3, UnRoll:32]
L1D latency:   7.949ns(   2 clks) [Mode:1 Size:    32K, Stride:    32, #NOP:  0, UnRoll:64]
Running time:    605 seconds.
