Copyright (C) 2003, 2009 Lavalys Consulting Group, Inc. All rights reserved.
everest_bench.dll build: 2.4.273.0 Oct 21 2009 23:53:40
CPUCount: 1, procMask: 0x00000001 Size of Memory: 523764KB Priority:020
CPU#00 Vendor: CentaurHauls CoreType:0x30000542
CPU#00 Family: 5 Modell: 04 Stepping: 2
CPU#00 Features: TSC, FPU, MMX, CMPXCHG8B
CPU#00 Frequency:  224.59MHz  OS:5.1.2600 Szervizcsomag 2
CPU#00 AffMask:0x00000001 APIC_ID:0x00000000 Phys_ID:000 Core_ID:00 SMT_ID:00 PhysMask:0x00000001 
CPU#00 L1I cache:    32KB,   32 byte cache line,  2 way, SMask:00000001
CPU#00 L1D cache:    32KB,   32 byte cache line,  2 way, SMask:00000001
Memory Latency ProcMask:0x00000001 #NOP:0
*** Linear Read Latency ***
Stride,     4,   8,  16,  32,  64, 128, 256, 512,  1K,  2K,  4K,  8K, 16K,
   0.25K,   2,   2,   2,   3,   3,   4,
   0.50K,   2,   2,   2,   2,   3,   3,   4,
    1.0K,   2,   2,   2,   2,   2,   3,   3,   4,
    2.0K,   2,   2,   2,   2,   2,   2,   3,   3,   4,
    4.0K,   2,   2,   2,   2,   2,   2,   2,   3,   3,   4,
    8.0K,   2,   2,   2,   2,   2,   2,   2,   2,   3,   3,   4,
   16.0K,   2,   2,   2,   2,   2,   2,   2,   2,   2,   3,   3,   4,
   32.0K,   2,   2,   2,   2,   2,   2,   2,   2,   2,   2,   3,   3,   4,
   64.0K,   4,   7,  10,  21,  21,  21,  21,  21,  21,  21,  21,  21,  20,
  128.0K,   4,   7,  10,  21,  21,  21,  21,  21,  21,  21,  21,  21,  20,
  256.0K,   4,   7,  11,  21,  21,  21,  21,  21,  21,  21,  21,  21,  21,
  512.0K,   4,   7,  11,  21,  21,  21,  22,  23,  24,  27,  34,  33,  33,
 1024.0K,   4,   7,  11,  22,  23,  22,  22,  23,  25,  28,  35,  37,  33,
 2048.0K,   4,   8,  13,  25,  26,  25,  24,  24,  26,  29,  37,  38,  35,
 4096.0K,   7,  14,  23,  40,  41,  41,  42,  43,  45,  50,  62,  52,  39,
 8192.0K,   7,  14,  25,  43,  43,  44,  45,  46,  49,  56,  69,  64,  44,
16384.0K,   7,  14,  25,  44,  44,  44,  45,  46,  50,  56,  69,  68,  66,
*** Backward Read Latency ***
Stride,     4,   8,  16,  32,  64, 128, 256, 512,  1K,  2K,  4K,  8K, 16K,
   0.25K,   2,   2,   2,   3,   3,   4,
   0.50K,   2,   2,   2,   2,   3,   3,   4,
    1.0K,   2,   2,   2,   2,   2,   3,   3,   4,
    2.0K,   2,   2,   2,   2,   2,   2,   3,   3,   4,
    4.0K,   2,   2,   2,   2,   2,   2,   2,   3,   3,   4,
    8.0K,   2,   2,   2,   2,   2,   2,   2,   2,   3,   3,   4,
   16.0K,   2,   2,   2,   2,   2,   2,   2,   2,   2,   3,   3,   4,
   32.0K,   2,   2,   2,   2,   2,   2,   2,   2,   2,   2,   3,   3,   4,
   64.0K,   4,   7,  10,  21,  21,  21,  21,  21,  21,  21,  21,  21,  20,
  128.0K,   4,   7,  10,  22,  21,  21,  21,  22,  21,  21,  21,  21,  20,
  256.0K,   4,   7,  11,  22,  22,  22,  21,  21,  21,  21,  21,  22,  21,
  512.0K,   4,   8,  11,  22,  22,  25,  23,  25,  26,  28,  36,  33,  33,
 1024.0K,   5,   8,  12,  26,  27,  27,  27,  27,  29,  32,  39,  39,  33,
 2048.0K,   5,  10,  18,  30,  29,  27,  27,  25,  27,  31,  42,  35,  34,
 4096.0K,   7,  13,  23,  41,  41,  41,  42,  43,  46,  52,  65,  47,  41,
 8192.0K,   7,  14,  25,  44,  44,  44,  45,  46,  50,  56,  81,  64,  52,
16384.0K,   7,  14,  25,  44,  44,  44,  45,  46,  50,  56,  69,  68,  63,
*** BlockRandom Read Latency ***
Block,      8,  16,  32,  64, 128, 256, 512,  1K,  2K,  4K,  8K, 16K,
   0.25K,   3,
   0.50K,   2,   2,
    1.0K,   2,   2,   2,
    2.0K,   2,   2,   2,   2,
    4.0K,   2,   2,   2,   2,   2,
    8.0K,   2,   2,   2,   2,   2,   2,
   16.0K,   2,   2,   2,   2,   2,   2,   2,
   32.0K,   2,   2,   2,   2,   2,   2,   2,   2,
   64.0K,  21,  22,  21,  21,  21,  21,  21,  21,  21,
  128.0K,  21,  22,  22,  22,  21,  22,  21,  21,  21,  21,
  256.0K,  21,  21,  21,  21,  22,  21,  22,  21,  21,  21,  22,
  512.0K,  23,  23,  23,  24,  24,  22,  24,  22,  23,  24,  23,  33,
 1024.0K,  27,  26,  27,  26,  26,  26,  26,  27,  26,  26,  25,  36,
 2048.0K,  30,  29,  30,  30,  29,  30,  32,  32,  31,  31,  31,  42,
 4096.0K,  41,  41,  41,  41,  41,  41,  42,  41,  42,  41,  42,  54,
 8192.0K,  43,  43,  43,  43,  44,  43,  43,  44,  43,  43,  44,  57,
16384.0K,  44,  44,  44,  44,  44,  44,  44,  44,  44,  44,  44,  57,
*** Random Read Latency ***
Stride,     4,   8,  16,  32,  64, 128, 256, 512,  1K,  2K,  4K,  8K, 16K,
   0.25K,   2,   2,   2,   3,   3,   4,
   0.50K,   2,   2,   2,   2,   3,   3,   4,
    1.0K,   2,   2,   2,   2,   2,   3,   3,   4,
    2.0K,   2,   2,   2,   2,   2,   2,   3,   3,   4,
    4.0K,   2,   2,   2,   2,   2,   2,   2,   3,   3,   4,
    8.0K,   2,   2,   2,   2,   2,   2,   2,   2,   3,   3,   4,
   16.0K,   2,   2,   2,   2,   2,   2,   2,   2,   2,   3,   3,   4,
   32.0K,   2,   2,   2,   2,   2,   2,   2,   2,   2,   2,   3,   3,   4,
   64.0K,  11,  12,  14,  21,  21,  21,  21,  21,  21,  21,  21,  21,  20,
  128.0K,  16,  17,  18,  21,  21,  21,  22,  21,  21,  21,  21,  21,  20,
  256.0K,  19,  19,  20,  21,  21,  21,  21,  21,  21,  21,  21,  21,  21,
  512.0K,  32,  32,  33,  34,  31,  29,  29,  30,  29,  34,  35,  33,  36,
 1024.0K,  39,  40,  39,  41,  38,  39,  36,  38,  36,  38,  39,  39,  36,
 2048.0K,  44,  45,  46,  48,  46,  45,  44,  45,  47,  45,  48,  44,  43,
 4096.0K,  56,  57,  59,  65,  64,  64,  64,  64,  64,  63,  65,  51,  45,
 8192.0K,  64,  64,  79,  70,  70,  69,  69,  69,  69,  69,  69,  66,  55,
16384.0K,  67,  68,  69,  71,  70,  70,  71,  70,  70,  70,  70,  69,  66,
*** CacheLine Forward Read Latency ***
Distance,   8,  16,  24,  32,  48,  64,  96, 128, 160, 192, 224, 256, 288,
    8.0K,   2,   2,   2,   2,   2,   2,   2,   2,   2,   2,   2,
   16.0K,   2,   2,   2,   2,   2,   2,   2,   2,   2,   2,   2,   2,
   32.0K,   2,   2,   2,   2,   2,   2,   2,   2,   2,   2,   2,   2,   2,
   64.0K,   9,   9,  10,  17,  19,  17,  17,  17,  19,  19,  19,  17,  17,
  128.0K,   9,   9,   9,  17,  17,  17,  19,  17,  18,  17,  17,  17,  18,
  256.0K,   9,  10,  10,  18,  17,  18,  18,  18,  17,  19,  18,  17,  18,
  512.0K,  11,  12,  12,  20,  22,  19,  22,  20,  20,  19,  21,  21,  19,
 1024.0K,  14,  14,  13,  25,  24,  24,  26,  25,  25,  22,  23,  25,  22,
 2048.0K,  18,  17,  17,  32,  33,  33,  31,  32,  30,  29,  30,  30,  31,
 4096.0K,  23,  23,  23,  43,  43,  43,  42,  43,  42,  43,  43,  43,  43,
 8192.0K,  25,  25,  25,  46,  46,  46,  46,  46,  46,  46,  46,  46,  46,
16384.0K,  25,  25,  25,  47,  47,  47,  47,  47,  47,  47,  47,  47,  47,
*** CacheLine Backward Read Latency ***
Distance,   8,  16,  24,  32,  48,  64,  96, 128, 160, 192, 224, 256, 288,
    8.0K,   2,   2,   2,   2,   2,   2,   2,   2,   2,   2,   2,
   16.0K,   2,   2,   2,   2,   2,   2,   2,   2,   2,   2,   2,   2,
   32.0K,   2,   2,   2,   2,   2,   2,   2,   2,   2,   2,   2,   2,   2,
   64.0K,   9,   9,   9,  17,  17,  17,  17,  17,  19,  17,  17,  17,  17,
  128.0K,   9,  10,   9,  17,  17,  17,  17,  17,  17,  17,  17,  17,  17,
  256.0K,   9,  10,   9,  17,  17,  17,  17,  17,  17,  17,  17,  17,  17,
  512.0K,  11,  11,  11,  20,  22,  21,  22,  22,  19,  21,  19,  20,  20,
 1024.0K,  13,  14,  13,  24,  24,  24,  24,  24,  23,  25,  23,  24,  23,
 2048.0K,  17,  17,  18,  32,  30,  32,  31,  32,  34,  32,  32,  33,  33,
 4096.0K,  23,  23,  23,  43,  43,  43,  43,  42,  42,  43,  42,  42,  42,
 8192.0K,  25,  25,  25,  46,  46,  46,  46,  46,  46,  46,  46,  46,  46,
16384.0K,  25,  25,  25,  47,  47,  47,  47,  47,  47,  47,  47,  47,  47,
BenchMemLat exit code: 0x0100
L1D cacheline size: 32 bytes      [Mode:6 Size:    64K, Stride:   512, #NOP:  0, UnRoll:64]
Mem latency: 215.123ns(  48 clks) [Mode:1 Size: 16384K, Stride:  1024, #NOP: 27, UnRoll:32]
L1D latency:   8.835ns(   2 clks) [Mode:1 Size:    32K, Stride:    32, #NOP:  0, UnRoll:64]
Running time:    685 seconds.
