Copyright (C) 2003, 2009 Lavalys Consulting Group, Inc. All rights reserved.
Benchmarks64.exe build: 2.4.279.0 Nov 13 2009 13:46:00
CPUCount: 1, procMask: 0x0000000000000001 Size of Memory: 1833360KB Priority:080
CPU#00 Vendor: CentaurHauls CoreType:0x300006f8
CPU#00 Family: 6 Modell: 0f Stepping: 8 Type: "                         VIA Nano L3050@1800MHz"
CPU#00 Features: TSC, FPU, CMOV, MMX, SSE, SSE2, SSE3, SSSE3, AMD64, SSE4.1, POPCNT, ACE, L/SAHF, CMPXCHG8B, CMPXCHG16B
CPU#00 Frequency: 1799.89MHz  OS:6.1.7600 
CPU#00 AffMask:0x0000000000000001 APIC_ID:0x00000000 Phys_ID:000 Core_ID:00 SMT_ID:00 PhysMask:0x0000000000000001 
CPU#00 L1I cache:    64KB,   64 byte cache line, 16 way, SMask:0000000000000001
CPU#00 L1D cache:    64KB,   64 byte cache line, 16 way, SMask:0000000000000001
CPU#00 L2  cache:  1024KB,   64 byte cache line, 16 way, SMask:0000000000000001, exclusive
CPU#00 AffMask:0x0000000000000001 APIC_ID:0x00000000 Phys_ID:000 Core_ID:00 SMT_ID:00 PhysMask:0x0000000000000001 
Memory Latency ProcMask:0x0000000000000001 #NOP:0
*** Linear Read Latency ***
Stride,     8,  16,  32,  64, 128, 256, 512,  1K,  2K,  4K,  8K, 16K,
   0.25K,   4,   4,   4,   4,   4,
   0.50K,   4,   4,   4,   4,   4,   4,
    1.0K,   4,   4,   4,   4,   4,   4,   4,
    2.0K,   4,   4,   4,   4,   4,   4,   4,   4,
    4.0K,   4,   4,   4,   4,   4,   4,   4,   4,   4,
    8.0K,   4,   4,   4,   4,   4,   4,   4,   4,   4,   4,
   16.0K,   4,   4,   4,   4,   4,   4,   4,   4,   4,   4,   4,
   32.0K,   4,   4,   4,   4,   4,   4,   4,   4,   4,   4,   4,   4,
   64.0K,   4,   4,   4,   4,   4,   4,   4,   4,   4,   4,   4,   4,
  128.0K,   4,   6,  12,  20,  20,  20,  20,  20,  20,  20,   4,   4,
  256.0K,   4,   6,  12,  20,  20,  20,  20,  20,  20,  20,  20,   4,
  512.0K,   4,   6,  12,  20,  20,  20,  20,  20,  20,  20,  20,  20,
 1024.0K,   4,   6,  12,  20,  20,  21,  22,  24,  28,  36,  36,  36,
 2048.0K,   5,  10,  22,  43, 114, 120, 134, 164, 213, 249,  53,  53,
 4096.0K,   5,  10,  22,  42, 115, 123, 136, 163, 218, 250, 252,  53,
 8192.0K,   5,  10,  22,  43, 116, 123, 136, 166, 215, 253, 252, 255,
16384.0K,   5,  11,  22,  43, 115, 122, 135, 164, 218, 254, 252, 256,
*** Backward Read Latency ***
Stride,     8,  16,  32,  64, 128, 256, 512,  1K,  2K,  4K,  8K, 16K,
   0.25K,   4,   4,   4,   4,   4,
   0.50K,   4,   4,   4,   4,   4,   4,
    1.0K,   4,   4,   4,   4,   4,   4,   4,
    2.0K,   4,   4,   4,   4,   4,   4,   4,   4,
    4.0K,   4,   4,   4,   4,   4,   4,   4,   4,   4,
    8.0K,   4,   4,   4,   4,   4,   4,   4,   4,   4,   4,
   16.0K,   4,   4,   4,   4,   4,   4,   4,   4,   4,   4,   4,
   32.0K,   4,   4,   4,   4,   4,   4,   4,   4,   4,   4,   4,   4,
   64.0K,   4,   4,   4,   4,   4,   4,   4,   4,   4,   4,   4,   4,
  128.0K,   4,   7,  12,  20,  20,  20,  20,  20,  20,  20,   4,   4,
  256.0K,   4,   7,  12,  20,  20,  20,  20,  20,  20,  20,  20,   4,
  512.0K,   4,   7,  12,  20,  20,  20,  20,  20,  20,  20,  20,  20,
 1024.0K,   4,   7,  12,  20,  20,  21,  22,  24,  28,  36,  36,  36,
 2048.0K,   5,  12,  23,  45, 115, 120, 137, 165, 214, 250,  53,  53,
 4096.0K,   6,  12,  23,  46, 115, 120, 134, 165, 217, 254, 255,  53,
 8192.0K,   6,  12,  24,  45, 115, 122, 135, 163, 220, 251, 251, 253,
16384.0K,   6,  12,  24,  45, 115, 122, 136, 165, 216, 255, 253, 255,
*** BlockRandom Read Latency ***
Block,      8,  16,  32,  64, 128, 256, 512,  1K,  2K,  4K,  8K, 16K,
   0.50K,   4,
    1.0K,   4,   4,
    2.0K,   4,   4,   4,
    4.0K,   4,   4,   4,   4,
    8.0K,   4,   4,   4,   4,   4,
   16.0K,   4,   4,   4,   4,   4,   4,
   32.0K,   4,   4,   4,   4,   4,   4,   4,
   64.0K,   4,   4,   4,   4,   4,   4,   4,   4,
  128.0K,  20,  20,  20,  20,  20,  20,  20,  20,  20,
  256.0K,  20,  20,  20,  20,  20,  20,  20,  20,  20,  20,
  512.0K,  20,  20,  20,  20,  20,  20,  20,  20,  20,  20,  20,
 1024.0K,  20,  20,  20,  20,  20,  20,  20,  24,  25,  24,  25,  31,
 2048.0K,  99, 104, 103, 103, 126, 149, 175, 190, 200, 205, 207, 218,
 4096.0K,  99, 104, 105, 104, 130, 151, 175, 191, 200, 205, 207, 217,
 8192.0K,  99, 104, 104, 105, 125, 148, 176, 191, 200, 205, 207, 217,
16384.0K, 100, 104, 104, 104, 122, 147, 176, 191, 200, 205, 207, 218,
*** Random Read Latency ***
Stride,     8,  16,  32,  64, 128, 256, 512,  1K,  2K,  4K,  8K, 16K,
   0.25K,   4,   4,   4,   4,   4,
   0.50K,   4,   4,   4,   4,   4,   4,
    1.0K,   4,   4,   4,   4,   4,   4,   4,
    2.0K,   4,   4,   4,   4,   4,   4,   4,   4,
    4.0K,   4,   4,   4,   4,   4,   4,   4,   4,   4,
    8.0K,   4,   4,   4,   4,   4,   4,   4,   4,   4,   4,
   16.0K,   4,   4,   4,   4,   4,   4,   4,   4,   4,   4,   4,
   32.0K,   4,   4,   4,   4,   4,   4,   4,   4,   4,   4,   4,   4,
   64.0K,   4,   4,   5,   4,   4,   4,   4,   4,   4,   4,   4,   4,
  128.0K,  13,  13,  15,  20,  20,  20,  20,  20,  20,  20,   4,   4,
  256.0K,  16,  17,  18,  20,  20,  20,  20,  20,  20,  20,  20,   4,
  512.0K,  18,  18,  19,  20,  20,  20,  20,  20,  20,  20,  20,  20,
 1024.0K,  30,  30,  31,  31,  30,  31,  31,  32,  33,  40,  37,  36,
 2048.0K, 138, 147, 169, 230, 232, 229, 230, 231, 237, 245,  55,  53,
 4096.0K, 192, 198, 210, 238, 239, 238, 240, 241, 239, 243, 244,  60,
 8192.0K, 219, 222, 228, 242, 243, 242, 241, 241, 244, 244, 246, 246,
16384.0K, 234, 237, 240, 244, 245, 245, 245, 244, 244, 246, 247, 248,
*** CacheLine Forward Read Latency ***
Distance,   8,  16,  24,  32,  48,  64,  96, 128, 160, 192, 224, 256,
    8.0K,   4,   4,   4,   4,   4,   4,   4,   4,   4,   4,
   16.0K,   4,   4,   4,   4,   4,   4,   4,   4,   4,   4,   4,
   32.0K,   4,   4,   4,   4,   4,   4,   4,   4,   4,   4,   4,   4,
   64.0K,   4,   4,   4,   4,   4,   4,   4,   4,   4,   4,   4,   4,
  128.0K,  12,  12,  12,  12,  12,  20,  20,  20,  20,  20,  20,  20,
  256.0K,  12,  12,  12,  12,  12,  20,  20,  20,  20,  20,  20,  20,
  512.0K,  12,  12,  12,  12,  12,  20,  20,  20,  20,  20,  20,  20,
 1024.0K,  13,  13,  13,  13,  13,  21,  21,  21,  21,  21,  21,  21,
 2048.0K,  64,  64,  64,  64,  64, 106, 106, 125, 125, 125, 125, 112,
 4096.0K,  64,  64,  64,  64,  64, 107, 106, 124, 125, 124, 124, 113,
 8192.0K,  64,  64,  64,  64,  64, 106, 107, 125, 124, 125, 125, 113,
16384.0K,  64,  64,  64,  64,  64, 107, 107, 125, 125, 125, 125, 113,
*** CacheLine Backward Read Latency ***
Distance,   8,  16,  24,  32,  48,  64,  96, 128, 160, 192, 224, 256,
    8.0K,   4,   4,   4,   4,   4,   4,   4,   4,   4,   4,
   16.0K,   4,   4,   4,   4,   4,   4,   4,   4,   4,   4,   4,
   32.0K,   4,   4,   4,   4,   4,   4,   4,   4,   4,   4,   4,   4,
   64.0K,   4,   4,   4,   4,   4,   4,   4,   4,   4,   4,   4,   4,
  128.0K,  12,  12,  12,  12,  12,  20,  20,  20,  20,  20,  20,  20,
  256.0K,  12,  12,  12,  12,  12,  20,  20,  20,  20,  20,  20,  20,
  512.0K,  12,  12,  12,  12,  12,  20,  20,  20,  20,  20,  20,  20,
 1024.0K,  13,  13,  13,  13,  13,  21,  21,  21,  21,  21,  21,  21,
 2048.0K,  63,  63,  63,  64,  64, 108, 104, 126, 125, 125, 125, 126,
 4096.0K,  64,  64,  63,  63,  64, 108, 106, 124, 123, 124, 126, 126,
 8192.0K,  64,  63,  63,  64,  63, 107, 107, 125, 125, 125, 125, 124,
16384.0K,  64,  64,  64,  64,  64, 108, 107, 125, 125, 125, 125, 125,
BenchMemLat exit code: 0x0100
L1D cacheline size: 64 bytes      [Mode:6 Size:   128K, Stride:   512, #NOP:  0, UnRoll:64]
L2  cacheline size: 64 bytes      [Mode:6 Size:  2048K, Stride:   512, #NOP:  0, UnRoll:64]
Mem latency:  82.818ns( 149 clks) [Mode:1 Size: 16384K, Stride:  1024, #NOP: 48, UnRoll:64]
L1D latency:   2.197ns(   4 clks) [Mode:1 Size:    64K, Stride:    64, #NOP:  0, UnRoll:64]
L2  latency:  11.455ns(  21 clks) [Mode:1 Size:  1024K, Stride:    64, #NOP: 18, UnRoll:64]