Copyright (C) 2003, 2009 Lavalys Consulting Group, Inc. All rights reserved.
everest_bench.dll build: 2.4.257.0 Jan 19 2009 01:57:35
CPUCount: 1, procMask: 0x00000001 Size of Memory: 245232KB Priority:080
CPU#00 Vendor: CentaurHauls CoreType:0x30000698
CPU#00 Family: 6 Modell: 09 Stepping: 8 Type: "VIA Nehemiah"
CPU#00 Features: TSC, FPU, CMOV, MMX, SSE, ACE, CMPXCHG8B
CPU#00 Frequency: 1333.31MHz  OS:5.1.2600 Service Pack 2
CPU#00 AffMask:0x00000001 APIC_ID:0x00000000 Phys_ID:000 Core_ID:00 SMT_ID:00 PhysMask:0x00000001 
CPU#00 L1I cache:    64KB,   32 byte cache line,  4 way, SMask:00000001
CPU#00 L1D cache:    64KB,   32 byte cache line,  4 way, SMask:00000001
CPU#00 L2  cache:    64KB,   32 byte cache line, 16 way, SMask:00000001, exclusive
CPU#00 AffMask:0x00000001 APIC_ID:0x00000000 Phys_ID:000 Core_ID:00 SMT_ID:00 PhysMask:0x00000001 
Parameters: "-ph -d4094 -l "
Memory Latency ProcMask:0x00000001 #NOP:0
*** Linear Read Latency ***
Stride,     4,   8,  16,  32,  64, 128, 256, 512,  1K,  2K,  4K,  8K, 16K,
   0.25K,   6,   6,   6,   6,   6,   6,
   0.50K,   6,   6,   6,   6,   6,   6,   6,
    1.0K,   6,   6,   6,   6,   6,   6,   6,   6,
    2.0K,   6,   6,   6,   6,   6,   6,   6,   6,   6,
    4.0K,   6,   6,   6,   6,   6,   6,   6,   6,   6,   6,
    8.0K,   6,   6,   6,   6,   6,   6,   6,   6,   6,   6,   6,
   16.0K,   6,   6,   6,   6,   6,   6,   6,   6,   6,   6,   6,   6,
   32.0K,   6,   6,   6,   6,   6,   6,   6,   6,   6,   6,   6,   6,   6,
   64.0K,   6,   6,   6,   6,   6,   6,   6,   6,   6,   6,   6,   6,   6,
  128.0K,   7,   8,  12,  25,  25,  25,  25,  25,  24,  24,  23,   6,   5,
  256.0K,  29,  56, 108, 195, 194, 195, 196, 196, 204, 214, 231,  23,   6,
  512.0K,  29,  56, 108, 194, 193, 195, 196, 199, 204, 215, 231, 232,  23,
 1024.0K,  29,  56, 109, 195, 195, 197, 199, 201, 214, 234, 272, 273, 276,
 2048.0K,  29,  57, 109, 196, 196, 196, 198, 204, 212, 233, 273, 273, 273,
 4096.0K,  29,  57, 109, 196, 196, 197, 199, 203, 212, 230, 273, 273, 274,
 8192.0K,  30,  57, 109, 196, 196, 197, 201, 203, 215, 234, 273, 273, 274,
16384.0K,  30,  57, 109, 196, 196, 197, 200, 204, 214, 232, 273, 272, 274,
*** Backward Read Latency ***
Stride,     4,   8,  16,  32,  64, 128, 256, 512,  1K,  2K,  4K,  8K, 16K,
   0.25K,   6,   6,   6,   6,   6,   6,
   0.50K,   6,   6,   6,   6,   6,   6,   6,
    1.0K,   6,   6,   6,   6,   6,   6,   6,   6,
    2.0K,   6,   6,   6,   6,   6,   6,   6,   6,   6,
    4.0K,   6,   6,   6,   6,   6,   6,   6,   6,   6,   6,
    8.0K,   6,   6,   6,   6,   6,   6,   6,   6,   6,   6,   6,
   16.0K,   6,   6,   6,   6,   6,   6,   6,   6,   6,   6,   6,   6,
   32.0K,   6,   6,   6,   6,   6,   6,   6,   6,   6,   6,   6,   6,   6,
   64.0K,   6,   6,   6,   6,   6,   6,   6,   6,   6,   6,   6,   6,   6,
  128.0K,   7,   8,  12,  25,  25,  25,  25,  25,  24,  24,  23,   6,   5,
  256.0K,  29,  56, 108, 195, 195, 195, 196, 198, 203, 214, 232,  23,   6,
  512.0K,  29,  56, 108, 195, 195, 193, 196, 196, 204, 214, 230, 230,  75,
 1024.0K,  29,  56, 108, 196, 195, 197, 200, 204, 215, 233, 274, 274, 275,
 2048.0K,  29,  57, 109, 195, 196, 197, 199, 202, 211, 234, 272, 273, 276,
 4096.0K,  30,  57, 109, 196, 196, 198, 200, 205, 212, 233, 273, 273, 273,
 8192.0K,  30,  57, 109, 196, 196, 197, 200, 205, 215, 233, 271, 273, 274,
16384.0K,  30,  57, 109, 196, 196, 198, 200, 204, 215, 233, 272, 273, 275,
*** BlockRandom Read Latency ***
Block,      8,  16,  32,  64, 128, 256, 512,  1K,  2K,  4K,  8K, 16K,
   0.25K,   6,
   0.50K,   6,   6,
    1.0K,   6,   6,   6,
    2.0K,   6,   6,   6,   6,
    4.0K,   6,   6,   6,   6,   6,
    8.0K,   6,   6,   6,   6,   6,   6,
   16.0K,   6,   6,   6,   6,   6,   6,   6,
   32.0K,   6,   6,   6,   6,   6,   6,   6,   6,
   64.0K,   6,   6,   6,   6,   6,   6,   6,   6,   6,
  128.0K,  25,  25,  25,  25,  25,  25,  25,  32,  25,  40,
  256.0K, 194, 195, 195, 194, 195, 194, 213, 216, 224, 229, 229,
  512.0K, 194, 194, 195, 194, 195, 214, 215, 216, 224, 228, 232, 232,
 1024.0K, 196, 195, 195, 195, 195, 196, 208, 216, 225, 229, 232, 232,
 2048.0K, 196, 196, 196, 196, 196, 216, 208, 217, 225, 230, 232, 233,
 4096.0K, 196, 196, 196, 196, 196, 215, 216, 217, 226, 230, 232, 233,
 8192.0K, 196, 196, 196, 196, 196, 216, 216, 217, 226, 231, 233, 233,
16384.0K, 196, 196, 196, 196, 196, 211, 210, 217, 226, 231, 233, 234,
*** Random Read Latency ***
Stride,     4,   8,  16,  32,  64, 128, 256, 512,  1K,  2K,  4K,  8K, 16K,
   0.25K,   6,   6,   6,   6,   6,   6,
   0.50K,   6,   6,   6,   6,   6,   6,   6,
    1.0K,   6,   6,   6,   6,   6,   6,   6,   6,
    2.0K,   6,   6,   6,   6,   6,   6,   6,   6,   6,
    4.0K,   6,   6,   6,   6,   6,   6,   6,   6,   6,   6,
    8.0K,   6,   6,   6,   6,   6,   6,   6,   6,   6,   6,   6,
   16.0K,   6,   6,   6,   6,   6,   6,   6,   6,   6,   6,   6,   6,
   32.0K,   6,   6,   6,   6,   6,   6,   6,   6,   6,   6,   6,   6,   6,
   64.0K,   6,   6,   6,   6,   6,   6,   6,   6,   6,   6,   6,   6,   6,
  128.0K,  14,  17,  26,  42,  34,  28,  27,  25,  24,  26,  22,   6,   5,
  256.0K, 129, 138, 164, 229, 231, 231, 231, 229, 230, 230, 231,  22,   6,
  512.0K, 181, 188, 200, 232, 230, 232, 232, 230, 232, 232, 228, 230,  56,
 1024.0K, 229, 232, 239, 252, 252, 251, 252, 254, 255, 261, 275, 273, 275,
 2048.0K, 252, 254, 257, 264, 263, 263, 264, 261, 263, 269, 276, 276, 277,
 4096.0K, 264, 265, 266, 269, 269, 269, 269, 270, 273, 273, 274, 272, 275,
 8192.0K, 269, 270, 271, 272, 272, 274, 276, 277, 276, 273, 271, 275, 274,
16384.0K, 275, 274, 275, 275, 280, 284, 284, 281, 277, 276, 274, 272, 273,
*** CacheLine Forward Read Latency ***
Distance,   8,  16,  24,  32,  48,  64,  96, 128, 160, 192, 224, 256, 288,
    8.0K,   7,   7,   7,   7,   7,   7,   7,   7,   7,   7,   7,
   16.0K,   7,   7,   7,   7,   7,   7,   7,   7,   7,   7,   7,   7,
   32.0K,   7,   7,   7,   7,   7,   7,   7,   7,   7,   7,   7,   7,   7,
   64.0K,   7,   7,   7,   7,   7,   7,   7,   7,   7,   7,   7,   7,   7,
  128.0K,  12,  12,  12,  17,  17,  17,  17,  17,  17,  17,  17,  17,  17,
  256.0K, 103, 103, 109, 189, 190, 189, 190, 189, 190, 189, 190, 189, 190,
  512.0K, 103, 103, 109, 187, 190, 187, 189, 189, 190, 189, 189, 190, 187,
 1024.0K, 104, 104, 110, 193, 194, 194, 194, 194, 194, 193, 194, 194, 194,
 2048.0K, 106, 107, 111, 193, 194, 193, 193, 194, 193, 194, 194, 193, 193,
 4096.0K, 106, 107, 111, 194, 194, 194, 193, 194, 194, 194, 194, 194, 194,
 8192.0K, 107, 106, 111, 194, 194, 194, 194, 195, 195, 195, 194, 194, 194,
16384.0K, 107, 106, 111, 195, 195, 195, 195, 195, 195, 195, 195, 195, 195,
*** CacheLine Backward Read Latency ***
Distance,   8,  16,  24,  32,  48,  64,  96, 128, 160, 192, 224, 256, 288,
    8.0K,   7,   7,   7,   7,   7,   7,   7,   7,   7,   7,   7,
   16.0K,   7,   7,   7,   7,   7,   7,   7,   7,   7,   7,   7,   7,
   32.0K,   7,   7,   7,   7,   7,   7,   7,   7,   7,   7,   7,   7,   7,
   64.0K,   7,   7,   7,   7,   7,   7,   7,   7,   7,   7,   7,   7,   7,
  128.0K,  12,  12,  12,  17,  17,  17,  17,  17,  17,  17,  17,  17,  17,
  256.0K, 103, 101, 106, 190, 190, 190, 189, 189, 189, 190, 190, 187, 187,
  512.0K, 102, 103, 109, 190, 188, 190, 188, 190, 190, 190, 190, 187, 190,
 1024.0K, 106, 106, 111, 194, 194, 194, 193, 195, 193, 194, 194, 194, 194,
 2048.0K, 107, 107, 111, 193, 195, 194, 194, 193, 193, 193, 193, 194, 193,
 4096.0K, 105, 106, 111, 194, 195, 194, 194, 194, 193, 194, 194, 194, 194,
 8192.0K, 106, 107, 111, 195, 195, 194, 195, 194, 194, 194, 194, 194, 194,
16384.0K, 106, 106, 111, 195, 195, 195, 195, 195, 195, 195, 195, 195, 195,
BenchMemLat exit code: 0x0100
L1D cacheline size: 32 bytes      [Mode:6 Size:   128K, Stride:   512, #NOP:  0, UnRoll:64]
L2  cacheline size: 32 bytes      [Mode:6 Size:   128K, Stride:   512, #NOP:  0, UnRoll:64]
Mem latency: 156.201ns( 208 clks) [Mode:1 Size: 16384K, Stride:  1024, #NOP: 47, UnRoll:64]
L1D latency:   4.465ns(   6 clks) [Mode:1 Size:    64K, Stride:    32, #NOP:  0, UnRoll:64]
L2  latency:  12.725ns(  17 clks) [Mode:1 Size:   128K, Stride:    32, #NOP:  8, UnRoll:64]
Running time:    357 seconds.
