Copyright (C) 2003, 2009 Lavalys Consulting Group, Inc. All rights reserved.
everest_bench.dll build: 2.4.273.0 Oct 21 2009 23:53:40
CPUCount: 1, procMask: 0x00000001 Size of Memory: 523764KB Priority:020
CPU#00 Vendor: CyrixInstead CoreType:0x40000601
CPU#00 Family: 6 Model: 00 Stepping: 1
CPU#00 Features: TSC, FPU, CMOV, MMX, CMPXCHG8B
CPU#00 Frequency:  300.60MHz  OS:5.1.2600 Szervizcsomag 2
CPU#00 AffMask:0x00000001 APIC_ID:0x00000069 Phys_ID:000 Core_ID:00 SMT_ID:00 PhysMask:0x00000001 
CPU#00 L1I+D unified cache:    64KB,  32 byte cache line,  4 way
Memory Latency ProcMask:0x00000001 #NOP:0
*** Linear Read Latency ***
Stride,     4,   8,  16,  32,  64, 128, 256, 512,  1K,  2K,  4K,  8K, 16K,
   0.25K,   4,   4,   3,   4,   4,   5,
   0.50K,   4,   4,   3,   3,   4,   4,   5,
    1.0K,   3,   3,   3,   3,   3,   4,   4,  10,
    2.0K,   3,   3,   3,   3,   3,   3,   4,   4,   6,
    4.0K,   3,   3,   3,   3,   3,   3,   3,   4,   4,   5,
    8.0K,   3,   3,   3,   3,   3,   3,   3,   3,   3,   4,   5,
   16.0K,   3,   3,   3,   3,   3,   3,   3,   3,   3,   3,   4,   6,
   32.0K,   3,   3,   3,   3,   3,   3,   3,   3,   3,   3,   3,   4,   6,
   64.0K,   3,   3,   3,   3,   3,   3,   3,   3,   3,   3,   3,   3,   4,
  128.0K,   4,   6,  12,  18,  18,  18,  18,  18,  18,  18,  17,   5,   4,
  256.0K,   5,   6,  12,  18,  18,  18,  18,  18,  18,  18,  18,  18,   5,
  512.0K,   5,   6,  12,  19,  18,  18,  18,  18,  18,  18,  19,  18,  18,
 1024.0K,   5,   7,  14,  21,  24,  23,  24,  24,  25,  23,  25,  20,  18,
 2048.0K,   7,   9,  18,  27,  27,  26,  27,  27,  27,  28,  34,  26,  25,
 4096.0K,   8,  13,  26,  42,  43,  43,  43,  44,  44,  47,  51,  40,  27,
 8192.0K,   8,  14,  28,  46,  46,  46,  47,  47,  49,  51,  56,  53,  41,
16384.0K,   8,  14,  28,  46,  46,  46,  47,  47,  49,  51,  57,  57,  53,
*** Backward Read Latency ***
Stride,     4,   8,  16,  32,  64, 128, 256, 512,  1K,  2K,  4K,  8K, 16K,
   0.25K,   4,   4,   3,   4,   4,   5,
   0.50K,   4,   4,   3,   3,   4,   4,   5,
    1.0K,   3,   3,   3,   3,   3,   4,   4,   6,
    2.0K,   3,   3,   3,   3,   3,   3,   4,   4,   5,
    4.0K,   3,   3,   3,   3,   3,   3,   3,   4,   4,   6,
    8.0K,   3,   3,   3,   3,   3,   3,   3,   3,   4,   4,   5,
   16.0K,   3,   3,   3,   3,   3,   3,   3,   3,   3,   3,   4,   5,
   32.0K,   3,   3,   3,   3,   3,   3,   3,   3,   3,   3,   3,   4,   5,
   64.0K,   3,   3,   3,   3,   3,   3,   3,   3,   3,   3,   3,   3,   4,
  128.0K,   5,   6,  12,  18,  18,  19,  18,  18,  20,  17,  18,   5,   4,
  256.0K,   5,   6,  13,  19,  18,  18,  18,  18,  18,  18,  18,  18,   6,
  512.0K,   5,   7,  13,  19,  18,  20,  20,  20,  19,  19,  20,  18,  18,
 1024.0K,   5,   7,  16,  25,  24,  23,  24,  24,  26,  23,  22,  19,  18,
 2048.0K,   6,  10,  19,  28,  25,  25,  22,  21,  21,  22,  24,  23,  23,
 4096.0K,   8,  13,  26,  44,  44,  44,  44,  44,  44,  46,  52,  37,  32,
 8192.0K,   8,  14,  28,  46,  46,  46,  47,  47,  48,  51,  56,  52,  41,
16384.0K,   8,  14,  28,  46,  46,  46,  47,  48,  49,  52,  57,  57,  54,
*** BlockRandom Read Latency ***
Block,      8,  16,  32,  64, 128, 256, 512,  1K,  2K,  4K,  8K, 16K,
   0.25K,   4,
   0.50K,   3,   3,
    1.0K,   3,   3,   3,
    2.0K,   3,   3,   3,   3,
    4.0K,   3,   3,   3,   3,   3,
    8.0K,   3,   3,   3,   3,   3,   3,
   16.0K,   3,   3,   3,   3,   3,   3,   3,
   32.0K,   3,   3,   3,   3,   3,   3,   3,   3,
   64.0K,   3,   3,   3,   3,   3,   3,   3,   3,   3,
  128.0K,  18,  18,  18,  18,  18,  18,  18,  18,  18,  18,
  256.0K,  18,  18,  18,  18,  18,  18,  18,  18,  18,  18,  18,
  512.0K,  19,  18,  20,  18,  19,  20,  19,  19,  19,  19,  21,  19,
 1024.0K,  21,  21,  20,  21,  21,  23,  21,  22,  22,  21,  22,  22,
 2048.0K,  29,  30,  27,  29,  29,  30,  30,  30,  31,  31,  30,  30,
 4096.0K,  43,  43,  43,  43,  42,  43,  43,  43,  43,  43,  43,  42,
 8192.0K,  46,  46,  46,  46,  46,  46,  46,  46,  46,  46,  46,  46,
16384.0K,  46,  46,  46,  46,  46,  46,  46,  46,  46,  46,  46,  46,
*** Random Read Latency ***
Stride,     4,   8,  16,  32,  64, 128, 256, 512,  1K,  2K,  4K,  8K, 16K,
   0.25K,   4,   4,   3,   4,   4,   5,
   0.50K,   4,   4,   3,   3,   4,   4,   5,
    1.0K,   3,   3,   3,   3,   3,   4,   4,   5,
    2.0K,   3,   3,   3,   3,   3,   3,   4,   4,   5,
    4.0K,   3,   3,   3,   3,   3,   3,   3,   4,   4,  10,
    8.0K,   3,   3,   3,   3,   3,   3,   3,   3,   4,   4,   5,
   16.0K,   3,   3,   3,   3,   3,   3,   3,   3,   3,   3,   4,   5,
   32.0K,   3,   3,   3,   3,   3,   3,   3,   3,   3,   3,   3,   4,   5,
   64.0K,   3,   3,   3,   3,   3,   3,   3,   3,   3,   3,   3,   3,   4,
  128.0K,  11,  11,  12,  18,  18,  18,  17,  17,  17,  18,  17,   6,   4,
  256.0K,  14,  15,  16,  18,  18,  18,  18,  18,  18,  18,  18,  18,   6,
  512.0K,  17,  17,  19,  20,  21,  19,  21,  23,  20,  21,  21,  18,  18,
 1024.0K,  20,  21,  24,  25,  24,  24,  23,  23,  23,  25,  24,  22,  18,
 2048.0K,  30,  30,  29,  35,  34,  36,  34,  34,  35,  34,  37,  29,  25,
 4096.0K,  42,  42,  44,  51,  51,  50,  50,  50,  50,  51,  53,  38,  30,
 8192.0K,  51,  52,  54,  58,  58,  57,  57,  57,  56,  57,  57,  53,  42,
16384.0K,  58,  58,  59,  61,  60,  59,  59,  58,  58,  58,  58,  57,  54,
*** CacheLine Forward Read Latency ***
Distance,   8,  16,  24,  32,  48,  64,  96, 128, 160, 192, 224, 256, 288,
    8.0K,   3,   3,   3,   3,   3,   3,   3,   3,   3,   3,   3,
   16.0K,   3,   3,   3,   3,   3,   3,   3,   3,   3,   3,   3,   3,
   32.0K,   3,   2,   2,   3,   2,   3,   3,   3,   3,   3,   3,   3,   3,
   64.0K,   3,   3,   3,   3,   3,   3,   3,   3,   3,   3,   3,   3,   3,
  128.0K,   8,   8,   9,  14,  14,  14,  14,  17,  17,  14,  15,  14,  15,
  256.0K,   9,   9,   9,  15,  15,  15,  15,  15,  15,  15,  15,  15,  15,
  512.0K,  11,  10,   9,  17,  15,  17,  17,  18,  15,  16,  16,  16,  17,
 1024.0K,  11,  12,  12,  21,  22,  20,  20,  22,  20,  22,  22,  21,  21,
 2048.0K,  17,  16,  15,  29,  31,  31,  30,  26,  27,  25,  26,  26,  26,
 4096.0K,  23,  22,  22,  42,  42,  42,  42,  42,  41,  41,  42,  41,  41,
 8192.0K,  24,  24,  24,  45,  45,  45,  45,  45,  45,  46,  45,  45,  45,
16384.0K,  24,  24,  24,  46,  46,  46,  46,  46,  46,  46,  46,  46,  46,
*** CacheLine Backward Read Latency ***
Distance,   8,  16,  24,  32,  48,  64,  96, 128, 160, 192, 224, 256, 288,
    8.0K,   3,   3,   3,   3,   3,   3,   3,   3,   3,   3,   3,
   16.0K,   3,   3,   3,   3,   3,   3,   3,   3,   3,   3,   3,   3,
   32.0K,   3,   2,   2,   2,   2,   2,   2,   2,   2,   2,   2,   2,   2,
   64.0K,   3,   3,   3,   3,   3,   3,   3,   3,   3,   3,   3,   3,   3,
  128.0K,   8,   8,   8,  14,  14,  14,  14,  14,  14,  14,  14,  14,  14,
  256.0K,   8,   8,   8,  14,  14,  14,  14,  15,  14,  14,  14,  15,  14,
  512.0K,  10,   9,   8,  15,  18,  15,  16,  15,  16,  16,  16,  16,  15,
 1024.0K,  12,  12,  11,  22,  21,  21,  23,  20,  22,  21,  22,  21,  21,
 2048.0K,  16,  16,  16,  30,  30,  30,  31,  32,  30,  31,  32,  30,  31,
 4096.0K,  22,  22,  22,  41,  41,  41,  41,  41,  41,  41,  41,  41,  41,
 8192.0K,  24,  24,  24,  45,  45,  46,  45,  45,  45,  45,  45,  45,  45,
16384.0K,  24,  24,  24,  46,  46,  46,  46,  46,  46,  46,  46,  46,  46,
BenchMemLat exit code: 0x0100
L1I+D cacheline size: 32 bytes      [Mode:6 Size:   128K, Stride:   512, #NOP:  0, UnRoll:64]
Mem latency: 151.111ns(  45 clks) [Mode:1 Size: 16384K, Stride:  1024, #NOP: 15, UnRoll:64]
L1I+D latency:  10.074ns(   3 clks) [Mode:1 Size:    32K, Stride:    32, #NOP:  0, UnRoll:64]
Running time:    444 seconds.
