Copyright (C) 2003, 2007 Lavalys Consulting Group, Inc. All rights reserved.
everest_bench.dll build: 2.3.215.0 Nov  5 2007 11:18:11
CPUCount: 1, procMask: 0x00000001 Size of Memory: 261684KB
CPU#0 Vendor: CyrixInstead APIC_ID:0x00000069 CoreID:0x40000600 Priority:080
CPU#0 Family: 6 Modell: 00 Stepping: 0
CPU#0 Features: TSC, FPU, CMOV, MMX, CMPXCHG8B
CPU#0 Frequency:  250.48MHz OS:5.0.2195 Service Pack 4
CPU#0 L1I+D unified cache:   64KB,  32 byte cache line, 4 way

Parameters: "-ph -l -d1022 "
Memory Latency ProcMask:0x00000001 Disp:0x00100000 #NOP:0
*** Linear Read Latency ***
Stride,     4,   8,  16,  32,  64, 128, 256, 512,  1K,  2K,  4K,  8K, 16K,
   0.25K,   3,   3,   3,   4,   4,   5,
   0.50K,   3,   3,   3,   3,   4,   4,   5,
    1.0K,   3,   3,   3,   3,   3,   4,   4,   5,
    2.0K,   3,   3,   3,   3,   3,   3,   4,   4,   5,
    4.0K,   3,   3,   3,   3,   3,   3,   3,   4,   4,   5,
    8.0K,   3,   3,   3,   3,   3,   3,   3,   3,   3,   4,  10,
   16.0K,   3,   3,   3,   3,   3,   3,   3,   3,   3,   3,   4,   5,
   32.0K,   3,   3,   3,   3,   3,   3,   3,   3,   3,   3,   3,   4,   5,
   64.0K,   4,   3,   3,   3,   3,   3,   3,   3,   3,   3,   3,   3,   4,
  128.0K,   7,  11,  19,  40,  38,  39,  39,  39,  41,  42,  39,   6,   4,
  256.0K,   7,  11,  21,  43,  42,  41,  42,  44,  44,  43,  44,  43,   9,
  512.0K,   7,  12,  22,  44,  45,  45,  45,  45,  44,  44,  44,  42,  43,
 1024.0K,   7,  12,  23,  45,  45,  45,  45,  45,  45,  45,  45,  45,  45,
 2048.0K,   8,  12,  23,  46,  45,  45,  46,  46,  46,  47,  48,  46,  31,
 4096.0K,   8,  12,  23,  45,  45,  45,  45,  45,  46,  47,  50,  50,  50,
 8192.0K,   8,  12,  23,  46,  45,  45,  45,  46,  47,  48,  51,  51,  50,
16384.0K,   8,  12,  23,  46,  46,  46,  46,  46,  47,  48,  51,  51,  51,
*** Backward Read Latency ***
Stride,     4,   8,  16,  32,  64, 128, 256, 512,  1K,  2K,  4K,  8K, 16K,
   0.25K,   3,   3,   3,   4,   4,   6,
   0.50K,   3,   3,   3,   3,   4,   4,   5,
    1.0K,   3,   3,   3,   3,   3,   4,   4,   5,
    2.0K,   3,   3,   3,   3,   3,   3,   4,   4,   5,
    4.0K,   3,   3,   3,   3,   3,   3,   3,   4,   4,   5,
    8.0K,   3,   3,   3,   3,   3,   3,   3,   3,   4,   4,   5,
   16.0K,   3,   3,   3,   3,   3,   3,   3,   3,   3,   3,   4,  10,
   32.0K,   3,   3,   3,   3,   3,   3,   3,   3,   3,   3,   3,   4,   5,
   64.0K,   3,   3,   3,   3,   3,   3,   3,   3,   3,   3,   3,   3,   4,
  128.0K,   6,  10,  17,  33,  33,  30,  32,  35,  30,  30,  33,   5,   4,
  256.0K,   6,   9,  17,  34,  32,  34,  32,  34,  32,  34,  33,  32,   5,
  512.0K,   7,  10,  19,  40,  40,  39,  38,  36,  40,  38,  37,  37,  38,
 1024.0K,   7,  12,  22,  43,  44,  43,  44,  43,  44,  43,  43,  43,  42,
 2048.0K,   8,  12,  23,  45,  45,  45,  45,  45,  46,  46,  48,  47,  42,
 4096.0K,   8,  12,  23,  45,  45,  45,  45,  46,  46,  47,  49,  50,  49,
 8192.0K,   8,  12,  23,  46,  46,  46,  46,  46,  47,  48,  51,  51,  51,
16384.0K,   8,  12,  23,  46,  46,  46,  46,  46,  47,  48,  51,  51,  51,
*** Random Read Latency ***
Stride,     4,   8,  16,  32,  64, 128, 256, 512,  1K,  2K,  4K,  8K, 16K,
   0.25K,   3,   3,   3,   4,   4,   5,
   0.50K,   3,   3,   3,   3,   4,   4,   5,
    1.0K,   3,   3,   3,   3,   3,   4,   4,   5,
    2.0K,   3,   3,   3,   3,   3,   3,   4,   4,   5,
    4.0K,   3,   3,   3,   3,   3,   3,   3,   4,   4,   5,
    8.0K,   3,   3,   3,   3,   3,   3,   3,   3,   4,   4,   5,
   16.0K,   3,   3,   3,   3,   3,   3,   3,   3,   3,   3,   4,   5,
   32.0K,   3,   3,   3,   3,   3,   3,   3,   3,   3,   3,   3,   4,   5,
   64.0K,   3,   3,   3,   3,   3,   3,   3,   3,   3,   3,   3,   3,   4,
  128.0K,  21,  22,  26,  36,  38,  37,  36,  35,  33,  36,  35,   4,   4,
  256.0K,  30,  30,  33,  37,  38,  38,  36,  37,  36,  36,  37,  36,   5,
  512.0K,  35,  35,  36,  38,  38,  39,  36,  39,  39,  36,  37,  34,  34,
 1024.0K,  38,  39,  40,  43,  43,  44,  42,  42,  44,  42,  43,  40,  39,
 2048.0K,  45,  45,  46,  47,  47,  47,  47,  46,  47,  46,  48,  47,  42,
 4096.0K,  50,  50,  51,  51,  51,  51,  50,  50,  50,  50,  51,  50,  49,
 8192.0K,  55,  54,  56,  56,  54,  54,  52,  52,  51,  51,  52,  51,  51,
16384.0K,  59,  56,  58,  58,  57,  56,  54,  53,  52,  52,  52,  52,  51,
*** CacheLine Forward Read Latency ***
Stride,     8,  16,  24,  32,  48,  64,  96, 128, 160, 192, 224, 256, 288,
    8.0K,   3,   3,   3,   3,   3,   3,   3,   3,   2,   3,   2,
   16.0K,   2,   2,   2,   2,   2,   2,   2,   2,   2,   2,   2,   2,
   32.0K,   2,   2,   2,   4,   2,   2,   2,   3,   2,   2,   2,   2,   2,
   64.0K,   4,   4,   4,   4,   4,   5,   5,   4,   5,   5,   5,   5,   5,
  128.0K,  18,  18,  16,  32,  32,  33,  34,  32,  35,  34,  29,  34,  31,
  256.0K,  18,  18,  17,  33,  33,  33,  33,  33,  33,  33,  34,  33,  33,
  512.0K,  19,  18,  18,  34,  34,  35,  34,  34,  34,  34,  34,  35,  32,
 1024.0K,  19,  19,  19,  36,  37,  36,  37,  36,  36,  36,  36,  36,  36,
 2048.0K,  20,  20,  20,  40,  37,  38,  37,  38,  37,  37,  38,  38,  38,
 4096.0K,  20,  20,  19,  39,  39,  39,  39,  38,  38,  39,  39,  39,  39,
 8192.0K,  20,  21,  21,  39,  39,  39,  39,  39,  39,  39,  39,  39,  39,
16384.0K,  21,  21,  21,  39,  39,  39,  39,  39,  39,  39,  39,  39,  39,
*** CacheLine Backward Read Latency ***
Stride,     8,  16,  24,  32,  48,  64,  96, 128, 160, 192, 224, 256, 288,
    8.0K,   3,   3,   3,   3,   3,   3,   2,   3,   2,   2,   3,
   16.0K,   2,   2,   2,   2,   3,   2,   2,   2,   2,   2,   2,   2,
   32.0K,   2,   2,   2,   2,   2,   2,   2,   2,   4,   2,   3,   2,   2,
   64.0K,   3,   3,   4,   4,   4,   4,   4,   5,   4,   4,   3,   4,   5,
  128.0K,  16,  18,  18,  33,  32,  30,  32,  30,  32,  32,  32,  34,  34,
  256.0K,  16,  17,  17,  33,  33,  32,  32,  33,  33,  31,  33,  33,  33,
  512.0K,  18,  18,  17,  34,  34,  35,  35,  33,  34,  34,  34,  33,  33,
 1024.0K,  20,  19,  19,  37,  36,  36,  36,  36,  36,  36,  36,  35,  36,
 2048.0K,  20,  20,  20,  38,  38,  38,  37,  37,  38,  38,  37,  37,  37,
 4096.0K,  20,  20,  20,  38,  38,  38,  38,  39,  38,  39,  39,  38,  38,
 8192.0K,  21,  20,  20,  39,  39,  39,  39,  39,  39,  39,  39,  39,  39,
16384.0K,  21,  21,  21,  39,  39,  39,  39,  39,  39,  39,  39,  39,  39,
BenchMemLat exit code: 0x0100
L1I+D cacheline size: 32 bytes      [Mode:5 Size:   128K, Stride:   512, #NOP:  0, UnRoll:64]
Mem latency: 145.547ns(  36 clks) [Mode:1 Size: 16384K, Stride:  1024, #NOP: 75, UnRoll:64]
L1I+D latency:  11.992ns(   3 clks) [Mode:1 Size:    32K, Stride:    32, #NOP:  0, UnRoll:64]
Running time:    315 seconds.