Copyright (C) 2003, 2009 Lavalys Consulting Group, Inc. All rights reserved.
everest_bench.dll build: 2.4.257.0 Jan 19 2009 01:57:35
CPUCount: 1, procMask: 0x00000001 Size of Memory: 261620KB Priority:080
CPU#00 Vendor: GenuineIntel CoreType:0x20000f24
CPU#00 Family: f Model: 02 Stepping: 4 Type: "              Intel(R) Pentium(R) 4 CPU 1.60GHz"
CPU#00 Features: TSC, FPU, CMOV, MMX, SSE, SSE2, CMPXCHG8B
CPU#00 Frequency: 1607.39MHz  OS:5.1.2600 Service Pack 2
CPU#00 AffMask:0x00000001 APIC_ID:0x00000000 Phys_ID:000 Core_ID:00 SMT_ID:00 PhysMask:0x00000001 
CPU#00 L1I cache:    12K uops trace,              8 way, SMask:00000001
CPU#00 L1D cache:     8KB,   64 byte cache line,  4 way, SMask:00000001
CPU#00 L2  cache:   512KB,   64 byte cache line,  8 way, SMask:00000001
CPU#00 AffMask:0x00000001 APIC_ID:0x00000000 Phys_ID:000 Core_ID:00 SMT_ID:00 PhysMask:0x00000001 
Parameters: "-ph -d4094 -l "
Memory Latency ProcMask:0x00000001 #NOP:0
*** Linear Read Latency ***
Stride,     4,   8,  16,  32,  64, 128, 256, 512,  1K,  2K,  4K,  8K, 16K,
   0.25K,   1,   1,   1,   1,   1,   1,
   0.50K,   2,   2,   2,   2,   2,   2,   2,
    1.0K,   2,   2,   2,   2,   2,   2,   2,   2,
    2.0K,   2,   2,   2,   2,   2,   2,   2,   2,   2,
    4.0K,   2,   2,   2,   2,   2,   2,   2,   2,   2,   2,
    8.0K,   2,   2,   2,   2,   2,   2,   2,   2,   2,   2,   2,
   16.0K,   2,   3,   4,  10,  18,  18,  19,  19,  19,  20,   2,   2,
   32.0K,   2,   3,   4,  11,  18,  18,  19,  19,  19,  19,  19,   2,   2,
   64.0K,   2,   3,   4,  11,  18,  18,  19,  18,  19,  19,  19,  19,   2,
  128.0K,   2,   3,   4,  11,  18,  18,  18,  19,  19,  19,  19,  19,  18,
  256.0K,   2,   3,   4,  11,  18,  18,  18,  18,  19,  19,  19,  19,  18,
  512.0K,   3,   3,   6,  12,  20,  21,  22,  25,  33,  44,  72,  28,  21,
 1024.0K,   5,   9,  17,  33,  67, 260, 264, 266, 269, 273, 279,  70,  29,
 2048.0K,   5,   9,  17,  33,  67, 264, 264, 266, 269, 272, 280, 277,  69,
 4096.0K,   5,   9,  17,  33,  67, 261, 263, 266, 269, 274, 279, 278, 278,
 8192.0K,   5,   9,  17,  33,  67, 261, 261, 265, 269, 275, 280, 279, 280,
16384.0K,   5,   9,  17,  33,  68, 260, 261, 262, 266, 275, 281, 282, 283,
*** Backward Read Latency ***
Stride,     4,   8,  16,  32,  64, 128, 256, 512,  1K,  2K,  4K,  8K, 16K,
   0.25K,   1,   1,   1,   1,   1,   1,
   0.50K,   2,   2,   2,   2,   2,   2,   2,
    1.0K,   2,   2,   2,   2,   2,   2,   2,   2,
    2.0K,   2,   2,   2,   2,   2,   2,   2,   2,   2,
    4.0K,   2,   2,   2,   2,   2,   2,   2,   2,   2,   2,
    8.0K,   2,   2,   2,   2,   2,   3,   2,   2,   2,   2,   2,
   16.0K,   3,   3,   7,  14,  18,  19,  19,  19,  20,  20,   2,   2,
   32.0K,   3,   4,   8,  16,  18,  18,  19,  19,  19,  19,  19,   2,   2,
   64.0K,   3,   4,   9,  18,  18,  18,  17,  18,  19,  19,  19,  19,   2,
  128.0K,   3,   4,   9,  18,  18,  18,  18,  19,  19,  19,  19,  19,  18,
  256.0K,   3,   4,   9,  18,  18,  18,  18,  18,  19,  19,  19,  19,  18,
  512.0K,   3,   4,   9,  18,  20,  21,  21,  26,  31,  43,  65,  28,  21,
 1024.0K,   6,  10,  18,  35,  66, 258, 249, 263, 262, 268, 275,  62,  27,
 2048.0K,   6,  10,  18,  35,  67, 263, 249, 263, 263, 269, 276, 274,  68,
 4096.0K,   6,  10,  18,  35,  67, 260, 249, 263, 263, 270, 278, 278, 272,
 8192.0K,   6,  10,  18,  35,  67, 259, 250, 263, 264, 270, 279, 279, 277,
16384.0K,   6,  10,  18,  35,  67, 258, 250, 262, 264, 270, 281, 283, 282,
*** BlockRandom Read Latency ***
Block,      8,  16,  32,  64, 128, 256, 512,  1K,  2K,  4K,  8K, 16K,
   0.50K,   2,
    1.0K,   2,   2,
    2.0K,   2,   2,   2,
    4.0K,   2,   2,   2,   2,
    8.0K,   4,   3,   3,   2,   2,
   16.0K,  19,  18,  18,  18,  18,  18,
   32.0K,  19,  18,  18,  18,  18,  18,  18,
   64.0K,  18,  18,  18,  18,  18,  18,  18,  18,
  128.0K,  18,  18,  18,  18,  18,  18,  18,  18,  19,
  256.0K,  18,  18,  18,  18,  18,  18,  18,  18,  19,  19,
  512.0K,  20,  20,  20,  20,  20,  20,  20,  20,  20,  29,  45,
 1024.0K,  79, 119, 134, 137, 137, 136, 137, 138, 137, 139, 161, 210,
 2048.0K,  79, 120, 134, 137, 137, 136, 137, 137, 137, 138, 162, 221,
 4096.0K,  79, 120, 135, 138, 137, 137, 137, 137, 138, 139, 162, 221,
 8192.0K,  79, 121, 135, 138, 138, 137, 137, 138, 138, 139, 162, 221,
16384.0K,  79, 121, 135, 138, 138, 137, 137, 138, 138, 139, 162, 221,
*** Random Read Latency ***
Stride,     4,   8,  16,  32,  64, 128, 256, 512,  1K,  2K,  4K,  8K, 16K,
   0.25K,   1,   1,   1,   1,   1,   1,
   0.50K,   2,   2,   2,   2,   2,   2,   2,
    1.0K,   2,   2,   2,   2,   2,   2,   2,   2,
    2.0K,   2,   2,   2,   2,   2,   2,   2,   2,   2,
    4.0K,   2,   2,   2,   2,   2,   2,   2,   2,   2,   2,
    8.0K,   2,   2,   2,   2,   2,   2,   2,   2,   2,   2,   2,
   16.0K,  15,  14,  14,  15,  18,  19,  19,  19,  20,  20,   2,   2,
   32.0K,  17,  17,  17,  18,  18,  18,  19,  21,  20,  19,  19,   2,   2,
   64.0K,  18,  18,  18,  18,  18,  18,  18,  19,  19,  19,  19,  19,   2,
  128.0K,  18,  18,  18,  18,  19,  19,  19,  19,  19,  20,  22,  24,  25,
  256.0K,  18,  18,  19,  19,  19,  19,  19,  20,  19,  19,  22,  24,  24,
  512.0K,  40,  40,  40,  42,  44,  42,  42,  44,  48,  56,  68,  29,  27,
 1024.0K, 165, 168, 173, 182, 209, 276, 277, 277, 277, 279, 282,  69,  28,
 2048.0K, 226, 228, 231, 237, 251, 280, 279, 279, 280, 280, 282, 284,  61,
 4096.0K, 259, 260, 261, 265, 272, 283, 282, 281, 280, 281, 284, 285, 293,
 8192.0K, 279, 279, 280, 282, 286, 287, 283, 282, 282, 282, 284, 286, 291,
16384.0K, 290, 290, 290, 291, 293, 292, 290, 291, 292, 293, 294, 298, 303,
*** CacheLine Forward Read Latency ***
Distance,   8,  16,  24,  32,  48,  64,  96, 128, 160, 192, 224, 256, 288,
    8.0K,   2,   2,   2,   2,   2,   2,   2,   2,   2,   2,   2,
   16.0K,  10,  10,  10,  10,  10,  17,  17,  17,  17,  17,  17,  17,
   32.0K,  10,  10,  10,  10,  10,  17,  17,  17,  17,  17,  17,  17,  17,
   64.0K,  10,  10,  10,  10,  11,  17,  17,  17,  17,  17,  17,  17,  17,
  128.0K,  11,  11,  11,  11,  11,  17,  17,  17,  17,  17,  17,  17,  17,
  256.0K,  11,  11,  11,  11,  11,  17,  17,  17,  17,  17,  17,  17,  17,
  512.0K,  14,  14,  14,  14,  14,  22,  21,  23,  23,  23,  23,  23,  23,
 1024.0K, 134, 134, 135, 135, 136, 166, 166, 263, 263, 263, 263, 263, 263,
 2048.0K, 135, 134, 135, 135, 136, 166, 166, 263, 263, 263, 263, 263, 263,
 4096.0K, 134, 134, 135, 135, 136, 166, 166, 263, 263, 263, 263, 263, 263,
 8192.0K, 134, 134, 135, 135, 136, 166, 166, 263, 263, 263, 263, 263, 263,
16384.0K, 134, 134, 135, 135, 136, 166, 166, 263, 263, 263, 263, 263, 263,
*** CacheLine Backward Read Latency ***
Distance,   8,  16,  24,  32,  48,  64,  96, 128, 160, 192, 224, 256, 288,
    8.0K,   2,   2,   2,   2,   2,   2,   2,   2,   2,   2,   2,
   16.0K,  10,  10,  10,  10,  10,  17,  17,  17,  17,  17,  17,  17,
   32.0K,  10,  10,  10,  10,  10,  17,  17,  17,  17,  17,  17,  17,  17,
   64.0K,  10,  10,  10,  10,  11,  17,  17,  17,  17,  17,  17,  17,  17,
  128.0K,  11,  11,  11,  11,  11,  17,  17,  17,  17,  17,  17,  17,  17,
  256.0K,  11,  11,  11,  11,  11,  17,  17,  17,  17,  17,  17,  17,  17,
  512.0K,  14,  14,  14,  14,  14,  22,  22,  22,  23,  22,  22,  22,  22,
 1024.0K, 134, 133, 135, 135, 136, 165, 165, 263, 263, 263, 263, 263, 263,
 2048.0K, 134, 134, 135, 135, 137, 166, 166, 263, 263, 263, 263, 263, 263,
 4096.0K, 134, 134, 135, 135, 137, 166, 166, 263, 263, 263, 263, 263, 263,
 8192.0K, 134, 134, 135, 135, 137, 166, 166, 263, 263, 263, 263, 263, 263,
16384.0K, 134, 134, 135, 135, 137, 166, 166, 263, 263, 263, 263, 263, 263,
BenchMemLat exit code: 0x0100
L1D cacheline size: 64 bytes      [Mode:6 Size:    16K, Stride:   512, #NOP:  0, UnRoll:32]
L2  cacheline size:128 bytes      [Mode:6 Size:  1024K, Stride:   512, #NOP:  0, UnRoll:64]
Mem latency: 163.210ns( 262 clks) [Mode:1 Size: 16384K, Stride:  1024, #NOP: 28, UnRoll:64]
L1D latency:   1.203ns(   2 clks) [Mode:1 Size:     4K, Stride:    64, #NOP:  0, UnRoll:64]
L2  latency:  12.593ns(  20 clks) [Mode:1 Size:   512K, Stride:   128, #NOP: 28, UnRoll:64]
Running time:    214 seconds.
