Copyright (C) 2003, 2009 Lavalys Consulting Group, Inc. All rights reserved.
everest_bench.dll build: 2.5.290.0 Feb 27 2010 15:38:33
CPUCount: 1, procMask: 0x00000001 Size of Memory: 97740KB Priority:020
CPU#00 Vendor: GenuineIntel CoreType:0x20000660
CPU#00 Family: 6 Model: 06 Stepping: 0
CPU#00 Features: TSC, FPU, CMOV, MMX, CMPXCHG8B
CPU#00 Frequency:  300.66MHz  OS:4.10.67766446  A 
CPU#00 AffMask:0x00000001 APIC_ID:0x00000000 Phys_ID:000 Core_ID:00 SMT_ID:00 PhysMask:0x00000001 
CPU#00 L1I cache:    16KB,   32 byte cache line,  4 way, SMask:00000001
CPU#00 L1D cache:    16KB,   32 byte cache line,  4 way, SMask:00000001
CPU#00 L2  cache:   128KB,   32 byte cache line,  4 way, SMask:00000001
CPU#00 AffMask:0x00000001 APIC_ID:0x00000000 Phys_ID:000 Core_ID:00 SMT_ID:00 PhysMask:0x00000001 
Parameters: "-ph -d8190 -l "
Memory Latency ProcMask:0x00000001 #NOP:0
*** Linear Read Latency ***
Stride,     4,   8,  16,  32,  64, 128, 256, 512,  1K,  2K,  4K,  8K, 16K,
   0.25K,   3,   3,   3,   3,   3,   3,
   0.50K,   3,   3,   3,   3,   3,   3,   3,
    1.0K,   3,   3,   3,   3,   3,   3,   3,   3,
    2.0K,   3,   3,   3,   3,   3,   3,   3,   3,   3,
    4.0K,   3,   3,   3,   3,   3,   3,   3,   3,   3,   3,
    8.0K,   3,   3,   3,   3,   3,   3,   3,   3,   3,   3,   3,
   16.0K,   3,   3,   3,   3,   3,   3,   3,   3,   3,   3,   3,   3,
   32.0K,   4,   5,   9,  11,  11,  11,  11,  11,  11,  11,  11,   3,   3,
   64.0K,   4,   5,   9,  11,  11,  11,  11,  11,  11,  11,  11,  11,   3,
  128.0K,   7,  14,  18,  34,  26,  34,  27,  36,  29,  44,  19,  11,  11,
  256.0K,  12,  25,  37,  60,  60,  61,  62,  66,  72,  85,  84,  42,  11,
  512.0K,  12,  25,  37,  60,  60,  61,  63,  67,  74,  89,  90,  89,  16,
 1024.0K,  12,  25,  37,  60,  60,  61,  63,  67,  75,  89,  90,  90,  90,
 2048.0K,  13,  25,  37,  60,  60,  61,  63,  67,  75,  90,  90,  90,  90,
 4096.0K,  13,  25,  37,  60,  60,  61,  63,  67,  75,  90,  90,  90,  90,
 8192.0K,  13,  25,  37,  60,  60,  61,  63,  67,  75,  90,  90,  90,  91,
16384.0K,  13,  25,  37,  60,  61,  62,  63,  67,  74,  90,  90,  90,  91,
*** Backward Read Latency ***
Stride,     4,   8,  16,  32,  64, 128, 256, 512,  1K,  2K,  4K,  8K, 16K,
   0.25K,   3,   3,   3,   3,   3,   3,
   0.50K,   3,   3,   3,   3,   3,   3,   3,
    1.0K,   3,   3,   3,   3,   3,   3,   3,   3,
    2.0K,   3,   3,   3,   3,   3,   3,   3,   3,   3,
    4.0K,   3,   3,   3,   3,   3,   3,   3,   3,   3,   3,
    8.0K,   3,   3,   3,   3,   3,   3,   3,   3,   3,   3,   3,
   16.0K,   3,   3,   3,   3,   3,   3,   3,   3,   3,   3,   3,   3,
   32.0K,   4,   5,   9,  11,  11,  11,  11,  11,  11,  11,  11,   3,   3,
   64.0K,   7,   5,  18,  11,  26,  11,  27,  11,  29,  11,  17,  11,   3,
  128.0K,   7,  12,  20,  29,  31,  30,  32,  31,  35,  37,  38,  11,  11,
  256.0K,  12,  25,  37,  60,  60,  61,  62,  65,  73,  83,  84,  27,  11,
  512.0K,  12,  25,  37,  60,  60,  61,  63,  67,  75,  88,  90,  89,  16,
 1024.0K,  12,  25,  37,  60,  60,  61,  63,  67,  75,  89,  90,  90,  90,
 2048.0K,  13,  25,  37,  60,  60,  61,  63,  67,  75,  90,  90,  90,  90,
 4096.0K,  13,  25,  37,  60,  60,  61,  63,  67,  75,  90,  90,  90,  90,
 8192.0K,  13,  25,  37,  60,  61,  61,  63,  67,  75,  90,  90,  90,  90,
16384.0K,  13,  25,  37,  60,  61,  62,  63,  67,  74,  90,  90,  90,  91,
*** BlockRandom Read Latency ***
Block,      8,  16,  32,  64, 128, 256, 512,  1K,  2K,  4K,  8K, 16K,
   0.25K,   3,
   0.50K,   3,   3,
    1.0K,   3,   3,   3,
    2.0K,   3,   3,   3,   3,
    4.0K,   3,   3,   3,   3,   3,
    8.0K,   3,   3,   3,   3,   3,   3,
   16.0K,   3,   3,   3,   3,   3,   3,   3,
   32.0K,  11,  11,  11,  11,  11,  11,  11,  11,
   64.0K,  11,  11,  11,  11,  11,  11,  11,  11,  11,
  128.0K,  35,  28,  35,  28,  42,  32,  44,  34,  46,  34,
  256.0K,  59,  56,  59,  56,  73,  70,  79,  77,  84,  79,  86,
  512.0K,  60,  60,  60,  60,  73,  74,  80,  82,  84,  85,  85,  88,
 1024.0K,  60,  60,  60,  60,  73,  73,  80,  82,  85,  85,  86,  89,
 2048.0K,  60,  60,  60,  60,  73,  74,  80,  83,  84,  85,  85,  89,
 4096.0K,  60,  60,  60,  60,  73,  74,  80,  83,  85,  85,  86,  89,
 8192.0K,  60,  61,  60,  60,  74,  74,  80,  83,  85,  86,  86,  89,
16384.0K,  61,  60,  61,  60,  74,  74,  80,  83,  85,  86,  86,  89,
*** Random Read Latency ***
Stride,     4,   8,  16,  32,  64, 128, 256, 512,  1K,  2K,  4K,  8K, 16K,
   0.25K,   3,   3,   3,   3,   3,   3,
   0.50K,   3,   3,   3,   3,   3,   3,   3,
    1.0K,   3,   3,   3,   3,   3,   3,   3,   3,
    2.0K,   3,   3,   3,   3,   3,   3,   3,   3,   3,
    4.0K,   3,   3,   3,   3,   3,   3,   3,   3,   3,   3,
    8.0K,   3,   3,   3,   3,   3,   3,   3,   3,   3,   3,   3,
   16.0K,   3,   3,   3,   3,   3,   3,   3,   3,   3,   3,   3,   3,
   32.0K,   7,   8,   9,  11,  11,  11,  11,  11,  11,  11,  11,   3,   3,
   64.0K,   9,   9,  17,  11,  11,  32,  11,  11,  32,  11,  11,  11,   3,
  128.0K,  19,  26,  23,  61,  36,  60,  36,  59,  37,  61,  37,  18,  11,
  256.0K,  49,  52,  61,  85,  84,  85,  84,  85,  84,  84,  83,  36,  11,
  512.0K,  70,  72,  77,  88,  88,  88,  89,  88,  89,  88,  90,  90,  16,
 1024.0K,  81,  82,  84,  90,  90,  89,  90,  90,  90,  90,  90,  90,  90,
 2048.0K,  86,  87,  88,  91,  90,  90,  90,  90,  90,  91,  90,  90,  90,
 4096.0K,  90,  90,  91,  92,  91,  91,  91,  91,  91,  91,  90,  91,  91,
 8192.0K,  91,  91,  91,  92,  91,  91,  91,  91,  90,  90,  89,  91,  91,
16384.0K,  99,  95,  95,  99,  95,  95,  95,  93,  92,  91,  90,  91,  93,
*** CacheLine Forward Read Latency ***
Distance,   8,  16,  24,  32,  48,  64,  96, 128, 160, 192, 224, 256, 288,
    8.0K,   3,   3,   3,   3,   3,   3,   3,   3,   3,   3,   3,
   16.0K,   3,   3,   3,   3,   3,   3,   3,   3,   3,   3,   3,   3,
   32.0K,   7,   7,   7,  11,  11,  11,  11,  11,  11,  11,  11,  11,  11,
   64.0K,   7,   7,   7,  11,  11,  11,  11,  11,  11,  11,  11,  11,  11,
  128.0K,  23,  16,  23,  27,  39,  27,  39,  27,  39,  27,  39,  27,  39,
  256.0K,  36,  36,  36,  63,  63,  63,  63,  63,  63,  63,  63,  63,  63,
  512.0K,  36,  36,  36,  64,  64,  64,  64,  64,  64,  64,  64,  64,  64,
 1024.0K,  36,  36,  36,  64,  64,  64,  64,  64,  64,  64,  64,  64,  64,
 2048.0K,  36,  36,  36,  64,  64,  64,  64,  64,  64,  64,  64,  64,  64,
 4096.0K,  36,  36,  36,  64,  64,  64,  64,  65,  64,  65,  64,  65,  64,
 8192.0K,  36,  36,  36,  64,  64,  64,  64,  64,  64,  64,  64,  64,  64,
16384.0K,  36,  36,  36,  64,  64,  64,  64,  64,  64,  64,  64,  64,  64,
*** CacheLine Backward Read Latency ***
Distance,   8,  16,  24,  32,  48,  64,  96, 128, 160, 192, 224, 256, 288,
    8.0K,   3,   3,   3,   3,   3,   3,   3,   3,   3,   3,   3,
   16.0K,   3,   3,   3,   3,   3,   3,   3,   3,   3,   3,   3,   3,
   32.0K,   7,   7,   7,  11,  11,  11,  11,  11,  11,  11,  11,  11,  11,
   64.0K,   7,  16,   7,  27,  11,  27,  11,  27,  11,  27,  11,  27,  11,
  128.0K,  24,  16,  24,  27,  42,  27,  42,  27,  42,  27,  42,  27,  42,
  256.0K,  36,  36,  36,  63,  63,  63,  63,  63,  63,  63,  63,  63,  63,
  512.0K,  36,  36,  36,  64,  64,  64,  64,  64,  64,  64,  64,  64,  64,
 1024.0K,  36,  36,  36,  64,  64,  64,  64,  64,  64,  64,  64,  64,  64,
 2048.0K,  36,  36,  36,  64,  64,  64,  64,  64,  64,  64,  64,  64,  64,
 4096.0K,  36,  36,  36,  64,  64,  64,  64,  64,  64,  64,  64,  64,  64,
 8192.0K,  36,  36,  36,  64,  64,  64,  64,  64,  64,  64,  64,  64,  64,
16384.0K,  36,  36,  36,  64,  64,  64,  64,  64,  64,  64,  64,  64,  64,
BenchMemLat exit code: 0x0100
L1D cacheline size: 32 bytes      [Mode:6 Size:    32K, Stride:   512, #NOP:  0, UnRoll:64]
L2  cacheline size: 32 bytes      [Mode:6 Size:   256K, Stride:   512, #NOP:  0, UnRoll:64]
Mem latency: 232.088ns(  70 clks) [Mode:1 Size: 16384K, Stride:  1024, #NOP: 77, UnRoll:64]
L1D latency:   9.870ns(   3 clks) [Mode:1 Size:    16K, Stride:    32, #NOP:  0, UnRoll:64]
L2  latency: 146.356ns(  44 clks) [Mode:1 Size:   128K, Stride:    32, #NOP:  5, UnRoll:64]