Copyright (C) 2003, 2009 Lavalys Consulting Group, Inc. All rights reserved.
everest_bench.dll build: 2.4.257.0 Jan 19 2009 01:57:35
CPUCount: 1, procMask: 0x00000001 Size of Memory: 523504KB Priority:080
CPU#00 Vendor: GenuineIntel CoreType:0x20000f41
CPU#00 Family: f Modell: 04 Stepping: 1 Type: "                Intel(R) Celeron(R) CPU 2.53GHz"
CPU#00 Features: TSC, FPU, CMOV, MMX, SSE, SSE2, SSE3, CMPXCHG8B
CPU#00 Frequency: 2527.14MHz  OS:5.1.2600 Service Pack 2
CPU#00 AffMask:0x00000001 APIC_ID:0x00000000 Phys_ID:000 Core_ID:00 SMT_ID:00 PhysMask:0x00000001 
CPU#00 L1I cache:    12K uops trace,              8 way, SMask:00000001
CPU#00 L1D cache:    16KB,   64 byte cache line,  8 way, SMask:00000001
CPU#00 L2  cache:   256KB,   64 byte cache line,  4 way, SMask:00000001
CPU#00 AffMask:0x00000001 APIC_ID:0x00000000 Phys_ID:000 Core_ID:00 SMT_ID:00 PhysMask:0x00000001 
Parameters: "-ph -d4094 -l "
Memory Latency ProcMask:0x00000001 #NOP:0
*** Linear Read Latency ***
Stride,     4,   8,  16,  32,  64, 128, 256, 512,  1K,  2K,  4K,  8K, 16K,
   0.25K,   3,   3,   3,   3,   3,   5,
   0.50K,   3,   3,   3,   3,   3,   5,   5,
    1.0K,   4,   4,   4,   4,   4,   4,   4,   4,
    2.0K,   4,   4,   4,   4,   4,   4,   4,   4,   4,
    4.0K,   4,   4,   4,   4,   4,   4,   4,   4,   4,   4,
    8.0K,   4,   4,   4,   4,   4,   4,   4,   4,   4,   4,   4,
   16.0K,   4,   4,   4,   4,   4,   4,   4,   4,   4,   4,   4,   4,
   32.0K,   6,   8,  10,  18,  28,  28,  28,  29,  28,  28,   4,   4,   4,
   64.0K,   6,   8,  10,  19,  28,  32,  31,  26,  28,  28,  28,   4,   4,
  128.0K,   6,   8,  10,  20,  29,  30,  28,  28,  28,  28,  28,  27,   4,
  256.0K,   6,   8,  10,  20,  28,  29,  28,  28,  28,  24,  28,  28,  28,
  512.0K,   7,   9,  14,  26,  49, 137, 346, 361, 370, 390, 431,  46,  20,
 1024.0K,   6,   9,  14,  26,  49, 137, 348, 363, 372, 390, 431, 428,  46,
 2048.0K,   7,   9,  14,  26,  49, 139, 349, 366, 374, 389, 429, 429, 430,
 4096.0K,   7,   9,  14,  26,  49, 139, 350, 367, 372, 392, 431, 430, 431,
 8192.0K,   7,   9,  14,  26,  49, 139, 350, 367, 377, 395, 431, 432, 433,
16384.0K,   7,   9,  14,  26,  49, 140, 351, 370, 378, 396, 437, 437, 442,
*** Backward Read Latency ***
Stride,     4,   8,  16,  32,  64, 128, 256, 512,  1K,  2K,  4K,  8K, 16K,
   0.25K,   3,   3,   3,   3,   3,   5,
   0.50K,   3,   3,   3,   3,   3,   5,   5,
    1.0K,   4,   4,   4,   4,   4,   4,   4,   4,
    2.0K,   4,   4,   4,   4,   4,   4,   4,   4,   4,
    4.0K,   4,   4,   4,   4,   4,   4,   4,   4,   4,   4,
    8.0K,   4,   4,   4,   4,   4,   4,   4,   4,   4,   4,   4,
   16.0K,   4,   4,   4,   4,   4,   4,   4,   4,   4,   4,   4,   4,
   32.0K,   6,   8,  11,  19,  28,  29,  31,  32,  28,  28,   4,   4,   4,
   64.0K,   6,   8,  10,  19,  29,  32,  33,  33,  28,  28,  28,   4,   4,
  128.0K,   6,   8,  10,  18,  28,  28,  28,  28,  28,  28,  28,  27,   4,
  256.0K,   6,   8,  10,  19,  28,  28,  29,  29,  24,  28,  28,  28,  28,
  512.0K,   6,   9,  14,  25,  49, 149, 360, 368, 376, 395, 429,  37,  20,
 1024.0K,   6,   9,  14,  25,  49, 151, 364, 368, 378, 394, 428, 431,  51,
 2048.0K,   7,   9,  14,  26,  49, 153, 365, 372, 380, 395, 430, 429, 429,
 4096.0K,   7,   9,  14,  26,  50, 153, 364, 373, 381, 397, 432, 431, 432,
 8192.0K,   7,   9,  14,  26,  50, 153, 364, 375, 381, 399, 431, 432, 433,
16384.0K,   7,   9,  14,  26,  50, 154, 366, 375, 384, 403, 438, 441, 448,
*** BlockRandom Read Latency ***
Block,      8,  16,  32,  64, 128, 256, 512,  1K,  2K,  4K,  8K, 16K,
   0.50K,   3,
    1.0K,   4,   4,
    2.0K,   4,   4,   4,
    4.0K,   4,   4,   4,   4,
    8.0K,   4,   4,   4,   4,   4,
   16.0K,   4,   4,   4,   4,   4,   4,
   32.0K,  28,  28,  28,  29,  28,  28,  28,
   64.0K,  28,  28,  29,  28,  29,  28,  28,  28,
  128.0K,  29,  29,  28,  28,  28,  28,  29,  29,  29,
  256.0K,  28,  28,  29,  28,  28,  28,  28,  28,  28,  28,
  512.0K,  53,  71, 119, 135, 147, 154, 158, 163, 189, 208, 301,
 1024.0K,  53,  70, 119, 135, 147, 155, 160, 163, 191, 208, 325, 381,
 2048.0K,  53,  71, 120, 135, 147, 155, 160, 163, 192, 208, 326, 387,
 4096.0K,  53,  71, 121, 135, 147, 156, 159, 164, 192, 208, 325, 386,
 8192.0K,  54,  71, 121, 135, 148, 156, 160, 163, 192, 209, 325, 387,
16384.0K,  54,  71, 121, 135, 148, 156, 160, 164, 192, 209, 326, 387,
*** Random Read Latency ***
Stride,     4,   8,  16,  32,  64, 128, 256, 512,  1K,  2K,  4K,  8K, 16K,
   0.25K,   3,   3,   3,   3,   3,   5,
   0.50K,   3,   3,   3,   3,   3,   5,   5,
    1.0K,   4,   4,   4,   4,   4,   4,   4,   4,
    2.0K,   4,   4,   4,   4,   4,   4,   4,   4,   4,
    4.0K,   4,   4,   4,   4,   4,   4,   4,   4,   4,   4,
    8.0K,   4,   4,   4,   4,   4,   4,   4,   4,   4,   4,   4,
   16.0K,   4,   4,   4,   5,   4,   4,   4,   4,   4,   4,   4,   4,
   32.0K,  17,  20,  20,  23,  29,  28,  28,  28,  28,  28,   4,   4,   4,
   64.0K,  25,  25,  26,  27,  29,  28,  28,  29,  28,  28,  28,   4,   4,
  128.0K,  27,  27,  27,  28,  29,  28,  29,  28,  28,  28,  28,  28,   4,
  256.0K,  28,  28,  28,  28,  29,  29,  28,  28,  28,  28,  28,  28,  28,
  512.0K, 239, 241, 250, 266, 301, 407, 422, 430, 432, 432, 447,  45,  20,
 1024.0K, 344, 346, 350, 359, 382, 429, 435, 437, 437, 438, 444, 440,  29,
 2048.0K, 396, 398, 400, 405, 416, 438, 441, 441, 441, 444, 445, 449, 448,
 4096.0K, 422, 424, 425, 427, 432, 443, 444, 446, 449, 448, 449, 447, 448,
 8192.0K, 439, 439, 439, 440, 443, 449, 451, 454, 454, 454, 451, 450, 449,
16384.0K, 456, 456, 456, 456, 458, 461, 469, 475, 477, 474, 475, 475, 477,
*** CacheLine Forward Read Latency ***
Distance,   8,  16,  24,  32,  48,  64,  96, 128, 160, 192, 224, 256, 288,
    8.0K,   4,   4,   4,   4,   4,   4,   4,   4,   4,   4,   4,
   16.0K,   4,   4,   4,   4,   4,   4,   4,   4,   4,   4,   4,   4,
   32.0K,  16,  16,  16,  16,  16,  25,  25,  25,  25,  25,  25,  25,  25,
   64.0K,  16,  16,  16,  16,  16,  25,  25,  25,  25,  25,  25,  25,  25,
  128.0K,  16,  16,  16,  16,  16,  25,  25,  25,  25,  25,  25,  25,  25,
  256.0K,  16,  16,  16,  16,  16,  25,  25,  25,  25,  25,  25,  25,  25,
  512.0K, 192, 192, 192, 192, 192, 222, 224, 228, 233, 234, 244, 349, 350,
 1024.0K, 192, 192, 192, 192, 193, 222, 225, 228, 233, 235, 243, 349, 350,
 2048.0K, 192, 193, 193, 192, 194, 224, 226, 231, 235, 239, 246, 350, 351,
 4096.0K, 193, 193, 193, 193, 194, 224, 227, 231, 236, 239, 247, 351, 353,
 8192.0K, 193, 193, 193, 194, 194, 225, 228, 232, 236, 240, 246, 351, 353,
16384.0K, 194, 194, 194, 194, 195, 226, 228, 233, 237, 240, 248, 353, 354,
*** CacheLine Backward Read Latency ***
Distance,   8,  16,  24,  32,  48,  64,  96, 128, 160, 192, 224, 256, 288,
    8.0K,   4,   4,   4,   4,   4,   4,   4,   4,   4,   4,   4,
   16.0K,   4,   4,   4,   4,   4,   4,   4,   4,   4,   4,   4,   4,
   32.0K,  16,  16,  16,  16,  16,  25,  25,  25,  25,  25,  25,  25,  25,
   64.0K,  16,  16,  16,  16,  16,  25,  25,  25,  25,  25,  25,  25,  25,
  128.0K,  16,  16,  16,  16,  16,  25,  25,  25,  25,  25,  25,  25,  25,
  256.0K,  16,  16,  16,  16,  16,  25,  25,  25,  25,  25,  25,  25,  25,
  512.0K, 213, 213, 213, 213, 212, 227, 230, 371, 371, 370, 371, 277, 279,
 1024.0K, 213, 213, 213, 213, 214, 227, 229, 372, 373, 371, 369, 277, 278,
 2048.0K, 214, 213, 214, 213, 214, 229, 231, 374, 373, 373, 374, 279, 280,
 4096.0K, 214, 213, 214, 214, 214, 229, 230, 373, 374, 374, 374, 280, 280,
 8192.0K, 214, 214, 214, 214, 214, 230, 231, 374, 374, 375, 374, 281, 281,
16384.0K, 214, 214, 214, 214, 214, 230, 231, 376, 375, 374, 375, 281, 281,
BenchMemLat exit code: 0x0100
L1D cacheline size: 64 bytes      [Mode:6 Size:    32K, Stride:   512, #NOP:  0, UnRoll:64]
L2  cacheline size:128 bytes      [Mode:6 Size:   512K, Stride:   512, #NOP:  0, UnRoll:64]
Mem latency: 147.821ns( 374 clks) [Mode:1 Size: 16384K, Stride:  1024, #NOP:  6, UnRoll:64]
L1D latency:   1.569ns(   4 clks) [Mode:1 Size:    16K, Stride:    64, #NOP:  0, UnRoll:64]
L2  latency:   9.464ns(  24 clks) [Mode:1 Size:   256K, Stride:   128, #NOP:  6, UnRoll:64]
Running time:    187 seconds.
