Copyright (C) 2003, 2009 Lavalys Consulting Group, Inc. All rights reserved.
everest_bench.dll build: 2.4.257.0 Jan 19 2009 01:57:35
CPUCount: 1, procMask: 0x00000001 Size of Memory: 3397244KB Priority:080
CPU#00 Vendor: GenuineIntel CoreType:0x20010661
CPU#00 Family: 6 Modell: 16 Stepping: 1 Type: "Intel(R) Celeron(R) CPU          420  @ 1.60GHz"
CPU#00 Features: TSC, FPU, CMOV, MMX, SSE, SSE2, SSE3, SSSE3, CMPXCHG8B
CPU#00 Frequency: 1599.99MHz  OS:5.1.2600 Service Pack 2
CPU#00 AffMask:0x00000001 APIC_ID:0x00000000 Phys_ID:000 Core_ID:00 SMT_ID:00 PhysMask:0x00000001 
CPU#00 L1I cache:    32KB,   64 byte cache line,  8 way, SMask:00000001
CPU#00 L1D cache:    32KB,   64 byte cache line,  8 way, SMask:00000001
CPU#00 L2  cache:   512KB,   64 byte cache line,  2 way, SMask:00000001
CPU#00 AffMask:0x00000001 APIC_ID:0x00000000 Phys_ID:000 Core_ID:00 SMT_ID:00 PhysMask:0x00000001 
Parameters: "-ph -d4094 -l "
Memory Latency ProcMask:0x00000001 #NOP:0
*** Linear Read Latency ***
Stride,     4,   8,  16,  32,  64, 128, 256, 512,  1K,  2K,  4K,  8K, 16K,
   0.25K,   3,   3,   3,   3,   3,   3,
   0.50K,   3,   3,   3,   3,   3,   3,   3,
    1.0K,   3,   3,   3,   3,   3,   3,   3,   3,
    2.0K,   3,   3,   3,   3,   3,   3,   3,   3,   3,
    4.0K,   3,   3,   3,   3,   3,   3,   3,   3,   3,   3,
    8.0K,   3,   3,   3,   3,   3,   3,   3,   3,   3,   3,   3,
   16.0K,   3,   3,   3,   3,   3,   3,   3,   3,   3,   3,   3,   3,
   32.0K,   3,   3,   3,   3,   3,   3,   3,   3,   3,   3,   3,   3,   3,
   64.0K,   3,   3,   4,   8,  14,  14,  14,  14,  14,  14,  14,   3,   3,
  128.0K,   3,   3,   4,   8,  14,  14,  14,  14,  14,  15,  16,  16,   5,
  256.0K,   3,   3,   4,   8,  14,  14,  14,  14,  14,  15,  16,  16,  16,
  512.0K,   3,   3,   4,   9,  14,  14,  14,  14,  15,  15,  16,  16,  16,
 1024.0K,   3,   4,   9,  14,  28, 150, 149, 150, 155, 160, 171,  16,  16,
 2048.0K,   3,   4,   9,  15,  29, 150, 151, 151, 155, 162, 177, 176,  26,
 4096.0K,   3,   4,   9,  15,  29, 151, 152, 153, 155, 161, 176, 175, 176,
 8192.0K,   3,   4,   9,  15,  29, 152, 152, 152, 157, 162, 178, 177, 178,
16384.0K,   3,   4,   9,  15,  29, 152, 153, 153, 156, 163, 178, 176, 177,
*** Backward Read Latency ***
Stride,     4,   8,  16,  32,  64, 128, 256, 512,  1K,  2K,  4K,  8K, 16K,
   0.25K,   3,   3,   3,   3,   3,   3,
   0.50K,   3,   3,   3,   3,   3,   3,   3,
    1.0K,   3,   3,   3,   3,   3,   3,   3,   3,
    2.0K,   3,   3,   3,   3,   3,   3,   3,   3,   3,
    4.0K,   3,   3,   3,   3,   3,   3,   3,   3,   3,   3,
    8.0K,   3,   3,   3,   3,   3,   3,   3,   3,   3,   3,   3,
   16.0K,   3,   3,   3,   3,   3,   3,   3,   3,   3,   3,   3,   3,
   32.0K,   3,   3,   3,   3,   3,   3,   3,   3,   3,   3,   3,   3,   3,
   64.0K,   3,   3,   4,   8,  14,  14,  14,  14,  14,  14,  14,   3,   3,
  128.0K,   3,   3,   4,   8,  14,  14,  14,  14,  14,  15,  16,  16,   5,
  256.0K,   3,   3,   4,   8,  14,  14,  14,  14,  14,  15,  16,  16,  16,
  512.0K,   3,   3,   4,   9,  14,  14,  14,  14,  15,  15,  16,  16,  16,
 1024.0K,   3,   4,   9,  14,  29, 150, 150, 152, 155, 161, 172,  18,  16,
 2048.0K,   3,   4,   9,  15,  28, 149, 151, 152, 155, 161, 175, 176,  26,
 4096.0K,   3,   4,   9,  15,  29, 151, 151, 153, 155, 163, 177, 179, 177,
 8192.0K,   3,   4,   9,  15,  29, 152, 152, 153, 155, 162, 175, 177, 176,
16384.0K,   3,   4,   9,  15,  29, 152, 152, 155, 157, 162, 178, 179, 179,
*** BlockRandom Read Latency ***
Block,      8,  16,  32,  64, 128, 256, 512,  1K,  2K,  4K,  8K, 16K,
   0.50K,   3,
    1.0K,   3,   3,
    2.0K,   3,   3,   3,
    4.0K,   3,   3,   3,   3,
    8.0K,   3,   3,   3,   3,   3,
   16.0K,   3,   3,   3,   3,   3,   3,
   32.0K,   3,   3,   3,   3,   3,   3,   3,
   64.0K,  14,  14,  14,  14,  14,  14,  14,  14,
  128.0K,  14,  14,  14,  14,  14,  14,  14,  14,  15,
  256.0K,  14,  14,  14,  14,  14,  14,  14,  14,  15,  15,
  512.0K,  14,  14,  14,  14,  14,  14,  14,  14,  15,  16,  16,
 1024.0K,  46,  62,  72,  79,  79,  82,  87,  91,  94,  94,  95, 119,
 2048.0K,  46,  63,  73,  79,  79,  81,  86,  91,  96,  95,  95, 133,
 4096.0K,  46,  63,  73,  80,  81,  81,  85,  92,  94,  96,  96, 134,
 8192.0K,  47,  63,  74,  80,  80,  82,  84,  91,  95,  95,  97, 135,
16384.0K,  47,  63,  74,  80,  80,  82,  85,  90,  94,  96,  97, 135,
*** Random Read Latency ***
Stride,     4,   8,  16,  32,  64, 128, 256, 512,  1K,  2K,  4K,  8K, 16K,
   0.25K,   3,   3,   3,   3,   3,   3,
   0.50K,   3,   3,   3,   3,   3,   3,   3,
    1.0K,   3,   3,   3,   3,   3,   3,   3,   3,
    2.0K,   3,   3,   3,   3,   3,   3,   3,   3,   3,
    4.0K,   3,   3,   3,   3,   3,   3,   3,   3,   3,   3,
    8.0K,   3,   3,   3,   3,   3,   3,   3,   3,   3,   3,   3,
   16.0K,   3,   3,   3,   3,   3,   3,   3,   3,   3,   3,   3,   3,
   32.0K,   3,   3,   3,   3,   3,   3,   3,   3,   3,   3,   3,   3,   3,
   64.0K,   9,   9,   9,  11,  14,  14,  14,  14,  14,  14,  14,   3,   3,
  128.0K,  12,  13,  13,  13,  15,  15,  15,  15,  15,  15,  16,  16,   5,
  256.0K,  14,  14,  15,  15,  15,  16,  15,  16,  16,  16,  16,  16,  16,
  512.0K,  15,  15,  15,  16,  16,  16,  16,  16,  16,  16,  16,  16,  16,
 1024.0K,  97,  98, 103, 107, 120, 173, 174, 174, 172, 174, 174,  17,  16,
 2048.0K, 141, 142, 143, 148, 155, 180, 176, 180, 173, 175, 176, 176,  26,
 4096.0K, 162, 163, 164, 165, 170, 178, 177, 177, 176, 176, 174, 177, 176,
 8192.0K, 176, 176, 176, 178, 180, 182, 182, 186, 179, 179, 178, 178, 179,
16384.0K, 187, 187, 188, 187, 190, 187, 187, 188, 187, 181, 175, 176, 178,
*** CacheLine Forward Read Latency ***
Distance,   8,  16,  24,  32,  48,  64,  96, 128, 160, 192, 224, 256, 288,
    8.0K,   3,   3,   3,   3,   3,   3,   3,   3,   3,   3,   3,
   16.0K,   3,   3,   3,   3,   3,   3,   3,   3,   3,   3,   3,   3,
   32.0K,   3,   3,   3,   3,   3,   3,   3,   3,   3,   3,   3,   3,   3,
   64.0K,   9,   9,   9,   9,   9,  14,  14,  14,  14,  14,  14,  14,  14,
  128.0K,   9,   9,   9,   9,   9,  15,  15,  15,  15,  15,  15,  15,  15,
  256.0K,   9,   9,   9,   9,   9,  15,  15,  15,  15,  15,  15,  15,  15,
  512.0K,   9,   9,   9,   9,   9,  15,  15,  15,  15,  15,  15,  15,  15,
 1024.0K,  72,  72,  72,  72,  72,  93,  93, 148, 147, 144, 145, 147, 147,
 2048.0K,  73,  73,  73,  73,  73,  93,  92, 148, 148, 145, 147, 148, 148,
 4096.0K,  72,  73,  73,  74,  73,  93,  94, 148, 149, 146, 147, 149, 148,
 8192.0K,  73,  74,  73,  73,  73,  94,  94, 148, 149, 147, 147, 151, 149,
16384.0K,  74,  74,  75,  73,  74,  95,  95, 150, 150, 148, 148, 150, 151,
*** CacheLine Backward Read Latency ***
Distance,   8,  16,  24,  32,  48,  64,  96, 128, 160, 192, 224, 256, 288,
    8.0K,   3,   3,   3,   3,   3,   3,   3,   3,   3,   3,   3,
   16.0K,   3,   3,   3,   3,   3,   3,   3,   3,   3,   3,   3,   3,
   32.0K,   3,   3,   3,   3,   3,   3,   3,   3,   3,   3,   3,   3,   3,
   64.0K,   9,   9,   9,   9,   9,  14,  14,  14,  14,  14,  14,  14,  14,
  128.0K,   9,   9,   9,   9,   9,  15,  15,  15,  15,  15,  15,  15,  15,
  256.0K,   9,   9,   9,   9,   9,  15,  15,  15,  15,  15,  15,  15,  15,
  512.0K,   9,   9,   9,   9,   9,  15,  15,  15,  15,  15,  15,  15,  15,
 1024.0K,  72,  72,  72,  72,  72,  88,  88, 146, 147, 145, 146, 147, 147,
 2048.0K,  74,  73,  73,  73,  73,  89,  89, 147, 148, 146, 147, 148, 149,
 4096.0K,  73,  73,  73,  73,  73,  89,  89, 149, 148, 147, 147, 149, 149,
 8192.0K,  73,  75,  74,  73,  73,  90,  89, 149, 149, 149, 147, 149, 151,
16384.0K,  74,  74,  74,  74,  73,  91,  91, 150, 150, 149, 149, 150, 150,
BenchMemLat exit code: 0x0100
L1D cacheline size: 64 bytes      [Mode:6 Size:    64K, Stride:   512, #NOP:  0, UnRoll:64]
L2  cacheline size:128 bytes      [Mode:6 Size:  1024K, Stride:   512, #NOP:  0, UnRoll:64]
Mem latency:  92.340ns( 148 clks) [Mode:1 Size: 16384K, Stride:  1024, #NOP: 60, UnRoll:64]
L1D latency:   1.865ns(   3 clks) [Mode:1 Size:    32K, Stride:    64, #NOP:  0, UnRoll:64]
L2  latency:   3.850ns(   6 clks) [Mode:1 Size:   512K, Stride:   128, #NOP: 31, UnRoll:64]
Running time:    151 seconds.
