Copyright (C) 2003, 2009 Lavalys Consulting Group, Inc. All rights reserved.
everest_bench.dll build: 2.4.273.0 Oct 21 2009 23:53:40
CPUCount: 1, procMask: 0x00000001 Size of Memory: 523764KB Priority:020
CPU#00 Vendor: GenuineIntel CoreType:0x20000525
CPU#00 Family: 5 Modell: 02 Stepping: 5
CPU#00 Features: TSC, FPU, CMPXCHG8B
CPU#00 Frequency:  100.21MHz  OS:5.1.2600 Szervizcsomag 2
CPU#00 AffMask:0x00000001 APIC_ID:0x00000000 Phys_ID:000 Core_ID:00 SMT_ID:00 PhysMask:0x00000001 
CPU#00 L1I cache:     8KB,   32 byte cache line,  2 way, SMask:00000001
CPU#00 L1D cache:     8KB,   32 byte cache line,  2 way, SMask:00000001
Memory Latency ProcMask:0x00000001 #NOP:0
*** Linear Read Latency ***
Stride,     4,   8,  16,  32,  64, 128, 256, 512,  1K,  2K,  4K,  8K,
   0.25K,   2,   2,   2,   2,   2,   2,
   0.50K,   2,   2,   2,   2,   2,   2,   2,
    1.0K,   2,   2,   2,   2,   2,   2,   2,   2,
    2.0K,   2,   2,   2,   2,   2,   2,   2,   2,   2,
    4.0K,   2,   2,   2,   2,   2,   2,   2,   2,   2,   2,
    8.0K,   2,   2,   2,   2,   2,   2,   2,   3,   4,   7,  13,
   16.0K,   3,   5,   7,   9,   9,   9,   9,   9,   9,   9,  13,  11,
   32.0K,   3,   5,   7,   9,   9,   9,   9,   9,   9,   9,  13,  13,
   64.0K,   3,   5,   7,   9,   9,   9,   9,   9,   9,   9,  13,  13,
  128.0K,   3,   5,   7,   9,   9,   9,   9,   9,   9,   9,  13,  13,
  256.0K,   3,   5,   7,   9,   9,   9,   9,   9,   9,   9,  13,  13,
  512.0K,   3,   5,   8,   9,   9,  10,  10,  11,  14,  20,  30,  30,
 1024.0K,   3,   5,   8,   9,   9,  10,  10,  11,  14,  20,  30,  30,
 2048.0K,   3,   5,   8,   9,   9,  10,  10,  11,  16,  20,  30,  30,
 4096.0K,   4,   6,  11,  15,  16,  16,  17,  19,  22,  30,  42,  30,
 8192.0K,   4,   6,  11,  15,  16,  16,  17,  19,  23,  30,  42,  41,
16384.0K,   4,   6,  11,  15,  16,  16,  17,  19,  23,  30,  42,  42,
*** Backward Read Latency ***
Stride,     4,   8,  16,  32,  64, 128, 256, 512,  1K,  2K,  4K,  8K,
   0.25K,   2,   2,   2,   2,   2,   2,
   0.50K,   2,   2,   2,   2,   2,   2,   2,
    1.0K,   2,   2,   2,   2,   2,   2,   2,   2,
    2.0K,   2,   2,   2,   2,   2,   2,   2,   2,   2,
    4.0K,   2,   2,   2,   2,   2,   2,   2,   2,   2,   2,
    8.0K,   2,   2,   2,   2,   2,   2,   2,   3,   4,   7,  13,
   16.0K,   3,   5,   7,   9,   9,   9,   9,   9,   9,   9,  13,  11,
   32.0K,   3,   5,   7,   9,   9,   9,   9,   9,   9,   9,  13,  13,
   64.0K,   3,   5,   7,   9,   9,   9,   9,   9,   9,   9,  13,  13,
  128.0K,   3,   5,   7,   9,   9,   9,   9,   9,   9,   9,  13,  13,
  256.0K,   3,   5,   7,   9,   9,   9,   9,   9,   9,   9,  13,  13,
  512.0K,   3,   5,   8,   9,  10,  10,  10,  12,  14,  20,  31,  30,
 1024.0K,   3,   5,   8,  10,  10,  10,  10,  12,  15,  20,  31,  30,
 2048.0K,   4,   5,   8,  10,  10,  10,  11,  12,  15,  20,  31,  30,
 4096.0K,   4,   6,  11,  15,  15,  15,  16,  18,  22,  29,  40,  35,
 8192.0K,   4,   6,  11,  15,  16,  16,  17,  19,  23,  30,  42,  41,
16384.0K,   4,   6,  11,  15,  16,  16,  17,  19,  23,  30,  42,  42,
*** BlockRandom Read Latency ***
Block,      8,  16,  32,  64, 128, 256, 512,  1K,  2K,  4K,  8K,
   0.25K,   2,
   0.50K,   2,   2,
    1.0K,   2,   2,   2,
    2.0K,   2,   2,   2,   2,
    4.0K,   2,   2,   2,   2,   2,
    8.0K,   2,   2,   2,   2,   2,   2,
   16.0K,   9,   9,   9,   9,   9,   9,   9,
   32.0K,   9,   9,   9,   9,   9,   9,   9,   9,
   64.0K,   9,   9,   9,   9,   9,   9,   9,   9,   9,
  128.0K,   9,   9,   9,   9,   9,   9,   9,   9,   9,   9,
  256.0K,   9,   9,   9,   9,   9,   9,   9,   9,   9,   9,   9,
  512.0K,   9,   9,   9,   9,   9,  10,  10,  10,   9,  10,  10,
 1024.0K,  10,  10,  10,  10,  10,  10,  10,  10,  10,  10,  10,
 2048.0K,  10,  10,  11,  10,  11,  10,  11,  10,  11,  13,  13,
 4096.0K,  15,  15,  15,  15,  17,  17,  17,  18,  20,  20,  20,
 8192.0K,  15,  15,  15,  15,  18,  18,  18,  20,  21,  20,  21,
16384.0K,  15,  15,  15,  15,  18,  18,  18,  20,  21,  21,  21,
*** Random Read Latency ***
Stride,     4,   8,  16,  32,  64, 128, 256, 512,  1K,  2K,  4K,  8K,
   0.25K,   2,   2,   2,   2,   2,   2,
   0.50K,   2,   2,   2,   2,   2,   2,   2,
    1.0K,   2,   2,   2,   2,   2,   2,   2,   2,
    2.0K,   2,   2,   2,   2,   2,   2,   2,   2,   2,
    4.0K,   2,   2,   2,   2,   2,   2,   2,   2,   2,   2,
    8.0K,   2,   2,   2,   2,   2,   2,   2,   3,   5,   7,  13,
   16.0K,   6,   6,   7,   9,   9,   9,   9,   9,  10,  12,  13,  11,
   32.0K,   7,   8,   8,   9,   9,   9,   9,   9,  10,  11,  13,  13,
   64.0K,   8,   8,   8,   9,   9,   9,   9,   9,  10,  11,  13,  13,
  128.0K,   9,   9,   9,   9,   9,   9,   9,   9,  10,  11,  13,  13,
  256.0K,   9,   9,   9,   9,   9,   9,   9,   9,  10,  12,  13,  13,
  512.0K,  20,  19,  20,  20,  20,  20,  21,  21,  24,  26,  31,  30,
 1024.0K,  26,  26,  25,  26,  26,  26,  26,  26,  27,  30,  32,  30,
 2048.0K,  29,  29,  29,  30,  31,  31,  32,  32,  32,  34,  34,  32,
 4096.0K,  35,  35,  36,  39,  39,  39,  39,  39,  39,  40,  41,  33,
 8192.0K,  38,  39,  39,  41,  41,  41,  41,  41,  41,  42,  42,  40,
16384.0K,  40,  40,  41,  42,  42,  41,  41,  41,  42,  42,  42,  42,
*** CacheLine Forward Read Latency ***
Distance,   8,  16,  24,  32,  48,  64,  96, 128, 160, 192, 224, 256,
    8.0K,   2,   2,   2,   3,   3,   2,   2,   2,   2,   2,   2,
   16.0K,   5,   5,   5,   8,   8,   8,   8,   8,   8,   8,   8,   8,
   32.0K,   5,   5,   5,   8,   8,   8,   8,   8,   8,   9,   8,   8,
   64.0K,   5,   5,   5,   8,   8,   8,   8,   8,   8,   8,   8,   8,
  128.0K,   5,   5,   5,   8,   8,   8,   8,   8,   8,   8,   8,   8,
  256.0K,   5,   5,   5,   8,   8,   8,   8,   8,   8,   8,   8,   8,
  512.0K,   6,   7,   7,  11,  10,  10,  10,   9,  10,  10,  10,  11,
 1024.0K,   7,   7,   7,  11,  10,  11,  11,  11,  11,  11,  11,  11,
 2048.0K,   8,   8,   8,  13,  13,  12,  12,  12,  12,  12,  12,  11,
 4096.0K,  10,  10,  10,  15,  15,  15,  15,  15,  15,  15,  15,  15,
 8192.0K,  10,  10,  10,  16,  16,  16,  16,  16,  16,  16,  16,  16,
16384.0K,  10,  10,  10,  16,  16,  16,  16,  16,  16,  16,  16,  16,
*** CacheLine Backward Read Latency ***
Distance,   8,  16,  24,  32,  48,  64,  96, 128, 160, 192, 224, 256,
    8.0K,   2,   2,   2,   3,   3,   2,   2,   2,   2,   2,   2,
   16.0K,   5,   5,   5,   8,   8,   8,   8,   8,   8,   8,   8,   8,
   32.0K,   5,   5,   5,   8,   8,   8,   8,   8,   8,   8,   8,   8,
   64.0K,   5,   5,   5,   8,   8,   8,   8,   8,   8,   8,   8,   8,
  128.0K,   5,   5,   5,   8,   8,   8,   8,   8,   8,   8,   8,   8,
  256.0K,   5,   5,   5,   8,   8,   8,   8,   8,   8,   8,   8,   8,
  512.0K,   7,   6,   7,  10,  10,  10,  10,  10,  10,  10,  10,  10,
 1024.0K,   7,   7,   7,  10,  10,  10,  10,  10,  10,  10,  10,  10,
 2048.0K,   8,   8,   8,  13,  13,  13,  12,  12,  13,  12,  12,  12,
 4096.0K,  10,  10,  10,  16,  15,  15,  15,  15,  15,  15,  15,  15,
 8192.0K,  10,  10,  10,  16,  16,  16,  16,  17,  16,  16,  16,  16,
16384.0K,  10,  10,  10,  16,  16,  16,  16,  16,  16,  16,  16,  16,
BenchMemLat exit code: 0x0100
L1D cacheline size: 32 bytes      [Mode:6 Size:    16K, Stride:   512, #NOP:  0, UnRoll:16]
Mem latency: 226.202ns(  23 clks) [Mode:1 Size: 16384K, Stride:  1024, #NOP:  0, UnRoll:8]
L1D latency:  21.030ns(   2 clks) [Mode:1 Size:     8K, Stride:    32, #NOP:  0, UnRoll:64]
Running time:    777 seconds.
