Copyright (C) 2003, 2009 Lavalys Consulting Group, Inc. All rights reserved.
everest_bench.dll build: 2.4.257.0 Jan 19 2009 01:57:35
CPUCount: 2, procMask: 0x00000003 Size of Memory: 130608KB Priority:080
CPU#00 Vendor: GenuineIntel CoreType:0x20000543
CPU#00 Family: 5 Modell: 04 Stepping: 3
CPU#00 Features: TSC, FPU, MMX, CMPXCHG8B
CPU#00 Frequency:  200.51MHz  OS:5.0.2195 Service Pack 4
CPU#00 AffMask:0x00000001 APIC_ID:0x00000000 Phys_ID:000 Core_ID:00 SMT_ID:00 PhysMask:0x00000001 
CPU#00 L1I cache:    16KB,   32 byte cache line,  4 way, SMask:00000001
CPU#00 L1D cache:    16KB,   32 byte cache line,  4 way, SMask:00000001
CPU#01 Vendor: GenuineIntel CoreType:0x20000544
CPU#01 Family: 5 Modell: 04 Stepping: 4
CPU#01 Features: TSC, FPU, MMX, CMPXCHG8B
CPU#01 Frequency:  200.51MHz  OS:5.0.2195 Service Pack 4
CPU#01 AffMask:0x00000002 APIC_ID:0x00000000 Phys_ID:001 Core_ID:00 SMT_ID:00 PhysMask:0x00000002 
CPU#01 L1I cache:    16KB,   32 byte cache line,  4 way, SMask:00000002
CPU#01 L1D cache:    16KB,   32 byte cache line,  4 way, SMask:00000002
CPU#00 AffMask:0x00000001 APIC_ID:0x00000000 Phys_ID:000 Core_ID:00 SMT_ID:00 PhysMask:0x00000001 
CPU#01 AffMask:0x00000002 APIC_ID:0x00000000 Phys_ID:001 Core_ID:00 SMT_ID:00 PhysMask:0x00000002 
Parameters: "-ph -d4094 -l "
Memory Latency ProcMask:0x00000001 #NOP:0
*** Linear Read Latency ***
Stride,     4,   8,  16,  32,  64, 128, 256, 512,  1K,  2K,  4K,  8K, 16K,
   0.25K,   2,   2,   2,   2,   2,   2,
   0.50K,   2,   2,   2,   2,   2,   2,   2,
    1.0K,   2,   2,   2,   2,   2,   2,   2,   2,
    2.0K,   2,   2,   2,   2,   2,   2,   2,   2,   2,
    4.0K,   2,   2,   2,   2,   2,   2,   2,   2,   2,   2,
    8.0K,   2,   2,   2,   2,   2,   2,   2,   2,   2,   2,   2,
   16.0K,   2,   2,   2,   2,   2,   2,   2,   2,   4,   3,   5,   2,
   32.0K,   4,   7,  10,  15,  15,  15,  15,  15,  15,  15,  16,   6,   4,
   64.0K,   4,   7,  10,  15,  15,  15,  15,  15,  15,  15,  16,  16,   6,
  128.0K,   4,   7,  10,  15,  15,  15,  15,  15,  15,  15,  15,  15,  16,
  256.0K,   4,   7,  10,  15,  15,  15,  15,  15,  15,  15,  15,  15,  15,
  512.0K,   6,  11,  18,  23,  23,  25,  24,  27,  33,  42,  58,  15,  15,
 1024.0K,   7,  14,  22,  30,  30,  57,  32,  35,  41,  51,  74,  60,  15,
 2048.0K,   7,  15,  23,  33,  33,  88,  35,  38,  44,  55,  77,  74,  63,
 4096.0K,   7,  15,  24,  33,  33,  33,  90,  89,  43,  55,  77, 124,  72,
 8192.0K,   7,  15,  24,  33,  33,  34,  66,  93,  98, 108, 129, 129,  93,
16384.0K,   7,  15,  23,  33,  33,  89,  90,  93,  98, 108, 129, 129, 129,
*** Backward Read Latency ***
Stride,     4,   8,  16,  32,  64, 128, 256, 512,  1K,  2K,  4K,  8K, 16K,
   0.25K,   2,   2,   2,   2,   2,   2,
   0.50K,   2,   2,   2,   2,   2,   2,   2,
    1.0K,   2,   2,   2,   2,   2,   2,   2,   2,
    2.0K,   2,   2,   2,   2,   2,   2,   2,   2,   2,
    4.0K,   2,   2,   2,   2,   2,   2,   2,   2,   2,   2,
    8.0K,   2,   2,   2,   2,   2,   2,   2,   2,   2,   2,   2,
   16.0K,   2,   2,   2,   2,   2,   2,   2,   3,   4,   3,   5,   2,
   32.0K,   4,   7,  10,  18,  15,  15,  15,  15,  15,  15,  16,   6,   4,
   64.0K,   4,   7,  10,  15,  15,  15,  15,  15,  15,  15,  15,  16,   6,
  128.0K,   4,   7,  10,  15,  15,  15,  15,  15,  15,  15,  15,  15,  16,
  256.0K,   4,   7,  10,  15,  15,  15,  15,  15,  15,  15,  15,  15,  15,
  512.0K,   6,  11,  17,  22,  21,  24,  27,  31,  33,  44,  58,  15,  15,
 1024.0K,   7,  14,  22,  30,  30,  31,  32,  36,  41,  52,  73,  61,  15,
 2048.0K,   7,  15,  23,  33,  33,  34,  35,  38,  44,  55, 110, 119,  61,
 4096.0K,   7,  15,  24,  33,  33,  33,  35,  38,  44, 108, 129, 129, 119,
 8192.0K,   8,  15,  24,  33,  33,  33,  90,  92,  98, 108, 129, 129, 128,
16384.0K,   7,  15,  24,  33,  33,  89,  90,  93,  98, 108, 130, 113, 129,
*** BlockRandom Read Latency ***
Block,      8,  16,  32,  64, 128, 256, 512,  1K,  2K,  4K,  8K, 16K,
   0.25K,   2,
   0.50K,   2,   2,
    1.0K,   2,   2,   2,
    2.0K,   2,   2,   2,   2,
    4.0K,   2,   2,   2,   2,   2,
    8.0K,   2,   2,   2,   2,   2,   2,
   16.0K,   2,   2,   2,   2,   2,   2,   2,
   32.0K,  15,  15,  15,  15,  15,  15,  15,  15,
   64.0K,  15,  15,  15,  15,  15,  15,  15,  15,  15,
  128.0K,  15,  15,  15,  15,  15,  15,  15,  15,  15,  15,
  256.0K,  15,  15,  15,  15,  15,  15,  15,  15,  15,  15,  15,
  512.0K,  24,  22,  25,  23,  23,  26,  31,  26,  33,  34,  31,  48,
 1024.0K,  31,  30,  31,  31,  31,  37,  40,  44,  43,  45,  44,  58,
 2048.0K,  32,  33,  32,  33,  33,  40,  43,  46,  46,  46,  47,  62,
 4096.0K,  33,  33,  33,  32,  33,  40,  43,  46,  46,  47,  47,  62,
 8192.0K,  33,  33,  33,  33,  33,  40,  44,  45,  46,  47,  47,  62,
16384.0K,  33,  33,  33,  33,  33,  40,  44,  45,  47,  47,  47,  62,
*** Random Read Latency ***
Stride,     4,   8,  16,  32,  64, 128, 256, 512,  1K,  2K,  4K,  8K, 16K,
   0.25K,   2,   2,   2,   2,   2,   2,
   0.50K,   2,   2,   2,   2,   2,   2,   2,
    1.0K,   2,   2,   2,   2,   2,   2,   2,   2,
    2.0K,   2,   2,   2,   2,   2,   2,   2,   2,   2,
    4.0K,   2,   2,   2,   2,   2,   2,   2,   2,   2,   2,
    8.0K,   2,   2,   2,   2,   2,   2,   2,   2,   2,   2,   2,
   16.0K,   2,   2,   2,   2,   2,   2,   2,   3,   4,   3,   5,   2,
   32.0K,   9,   9,  11,  15,  15,  15,  15,  15,  15,  15,  16,   6,   4,
   64.0K,  12,  12,  13,  15,  15,  15,  15,  15,  24,  15,  16,  16,   6,
  128.0K,  13,  14,  14,  15,  15,  15,  15,  15,  15,  15,  15,  15,  16,
  256.0K,  14,  14,  14,  15,  15,  15,  15,  15,  15,  15,  15,  15,  15,
  512.0K,  38,  36,  40,  47,  47,  46,  45,  48,  52,  55,  61,  15,  15,
 1024.0K,  55,  55,  58,  65,  66,  65,  67,  66,  66,  70, 120,  56,  15,
 2048.0K,  66,  67,  80,  80,  76,  79,  77,  74,  76,  78,  80,  74,  62,
 4096.0K,  79,  73,  74,  76,  76,  76,  76,  76,  76,  77,  78, 129,  74,
 8192.0K,  76,  76,  77,  77,  78,  77,  77,  77, 129, 129, 129, 129, 129,
16384.0K,  78,  78,  78,  79,  79,  78,  78, 130, 130, 129, 129, 129, 130,
*** CacheLine Forward Read Latency ***
Distance,   8,  16,  24,  32,  48,  64,  96, 128, 160, 192, 224, 256, 288,
    8.0K,   2,   2,   2,   2,   2,   2,   2,   2,   2,   2,   2,
   16.0K,   2,   2,   2,   3,   3,   2,   2,   2,   2,   2,   2,   2,
   32.0K,   8,   8,   8,  14,  14,  14,  14,  14,  14,  14,  14,  14,  14,
   64.0K,   8,   8,   8,  14,  14,  14,  14,  14,  14,  14,  14,  14,  14,
  128.0K,   8,   8,   8,  14,  14,  14,  14,  14,  14,  14,  14,  14,  14,
  256.0K,   8,   8,   8,  14,  14,  14,  14,  14,  14,  14,  14,  14,  14,
  512.0K,  14,  22,  17,  23,  23,  25,  22,  24,  25,  24,  23,  24,  24,
 1024.0K,  18,  18,  21,  30,  30,  31,  30,  30,  30,  30,  30,  30,  30,
 2048.0K,  20,  28,  23,  33,  33,  32,  33,  33,  32,  32,  32,  32,  32,
 4096.0K,  20,  20,  23,  33,  33,  32,  32,  32,  33,  32,  74,  33,  32,
 8192.0K,  20,  20,  23,  74,  33,  33,  33,  32,  33,  32,  33,  32,  74,
16384.0K,  20,  20,  23,  33,  33,  33,  33,  74,  33,  74,  33,  61,  32,
*** CacheLine Backward Read Latency ***
Distance,   8,  16,  24,  32,  48,  64,  96, 128, 160, 192, 224, 256, 288,
    8.0K,   2,   2,   2,   2,   2,   2,   2,   2,   2,   2,   2,
   16.0K,   2,   2,   2,   3,   3,   2,   2,   2,   2,   2,   2,   2,
   32.0K,   8,   8,   8,  14,  14,  14,  14,  14,  14,  14,  14,  14,  14,
   64.0K,   8,   8,   8,  14,  14,  14,  14,  14,  14,  14,  14,  14,  14,
  128.0K,   8,   8,   8,  14,  14,  14,  14,  14,  14,  14,  14,  14,  14,
  256.0K,   8,   8,   8,  14,  14,  14,  14,  14,  14,  14,  18,  14,  14,
  512.0K,  15,  14,  16,  24,  26,  23,  24,  26,  24,  23,  24,  22,  25,
 1024.0K,  18,  18,  21,  30,  31,  29,  30,  30,  30,  30,  30,  30,  31,
 2048.0K,  20,  20,  23,  32,  32,  32,  32,  32,  32,  32,  32,  32,  32,
 4096.0K,  20,  38,  23,  32,  33,  33,  32,  32,  33,  74,  33,  33,  33,
 8192.0K,  20,  20,  23,  33,  33,  33,  33,  74,  33,  33,  32,  33,  74,
16384.0K,  20,  20,  23,  33,  56,  33,  33,  33,  33,  74,  33,  74,  33,
BenchMemLat exit code: 0x0100
L1D cacheline size: 32 bytes      [Mode:6 Size:    32K, Stride:   512, #NOP:  0, UnRoll:32]
Mem latency: 172.005ns(  34 clks) [Mode:1 Size: 16384K, Stride:  1024, #NOP: 11, UnRoll:16]
L1D latency:  11.487ns(   2 clks) [Mode:1 Size:    16K, Stride:    32, #NOP:  0, UnRoll:64]
Running time:    805 seconds.
