Copyright (C) 2003, 2009 Lavalys Consulting Group, Inc. All rights reserved.
everest_bench.dll build: 2.4.257.0 Jan 19 2009 01:57:35
CPUCount: 1, procMask: 0x00000001 Size of Memory: 261616KB Priority:080
CPU#00 Vendor: GenuineIntel CoreType:0x20000f27
CPU#00 Family: f Modell: 02 Stepping: 7 Type: "              Intel(R) Pentium(R) 4 CPU 2.40GHz"
CPU#00 Features: TSC, FPU, CMOV, MMX, SSE, SSE2, CMPXCHG8B
CPU#00 Frequency: 2410.16MHz  OS:5.1.2600 Service Pack 2
CPU#00 AffMask:0x00000001 APIC_ID:0x00000000 Phys_ID:000 Core_ID:00 SMT_ID:00 PhysMask:0x00000001 
CPU#00 L1I cache:    12K uops trace,              8 way, SMask:00000001
CPU#00 L1D cache:     8KB,   64 byte cache line,  4 way, SMask:00000001
CPU#00 L2  cache:   512KB,   64 byte cache line,  8 way, SMask:00000001
CPU#00 AffMask:0x00000001 APIC_ID:0x00000000 Phys_ID:000 Core_ID:00 SMT_ID:00 PhysMask:0x00000001 
Parameters: "-ph -d4094 -l "
Memory Latency ProcMask:0x00000001 #NOP:0
*** Linear Read Latency ***
Stride,     4,   8,  16,  32,  64, 128, 256, 512,  1K,  2K,  4K,  8K, 16K,
   0.25K,   1,   1,   1,   1,   1,   1,
   0.50K,   2,   2,   2,   2,   2,   2,   2,
    1.0K,   2,   2,   2,   2,   2,   2,   2,   2,
    2.0K,   2,   2,   2,   2,   2,   2,   2,   2,   2,
    4.0K,   2,   2,   2,   2,   2,   2,   2,   2,   2,   2,
    8.0K,   2,   2,   2,   2,   2,   2,   2,   2,   2,   2,   2,
   16.0K,   2,   3,   4,  10,  18,  18,  18,  19,  19,  20,   2,   2,
   32.0K,   2,   3,   4,  11,  18,  18,  18,  19,  19,  21,  20,   2,   2,
   64.0K,   2,   3,   4,  11,  18,  18,  18,  18,  19,  19,  20,  19,   2,
  128.0K,   2,   3,   4,  11,  18,  18,  18,  18,  19,  19,  19,  19,  18,
  256.0K,   2,   3,   4,  11,  18,  18,  18,  18,  19,  19,  19,  19,  18,
  512.0K,   3,   3,   6,  12,  20,  22,  23,  26,  35,  49,  79,  28,  21,
 1024.0K,   6,  11,  21,  41,  84, 339, 334, 348, 357, 380, 423,  77,  26,
 2048.0K,   6,  11,  22,  41,  85, 339, 332, 347, 357, 379, 421, 426,  76,
 4096.0K,   6,  11,  22,  42,  85, 338, 333, 346, 356, 379, 421, 421, 424,
 8192.0K,   6,  11,  22,  41,  85, 339, 333, 346, 357, 380, 422, 421, 421,
16384.0K,   6,  11,  22,  42,  85, 338, 332, 344, 357, 379, 422, 422, 425,
*** Backward Read Latency ***
Stride,     4,   8,  16,  32,  64, 128, 256, 512,  1K,  2K,  4K,  8K, 16K,
   0.25K,   1,   1,   1,   1,   1,   1,
   0.50K,   2,   2,   2,   2,   2,   2,   2,
    1.0K,   2,   2,   2,   2,   2,   2,   2,   2,
    2.0K,   2,   2,   2,   2,   2,   2,   2,   2,   2,
    4.0K,   2,   2,   2,   2,   2,   2,   2,   2,   2,   2,
    8.0K,   3,   2,   2,   2,   2,   2,   2,   2,   2,   2,   2,
   16.0K,   3,   3,   7,  14,  18,  18,  18,  19,  19,  19,   2,   2,
   32.0K,   3,   4,   8,  16,  18,  18,  18,  19,  19,  20,  19,   2,   2,
   64.0K,   3,   4,   9,  18,  18,  18,  18,  18,  19,  19,  20,  19,   2,
  128.0K,   3,   4,   9,  18,  18,  18,  18,  19,  19,  19,  19,  19,  18,
  256.0K,   3,   4,   9,  18,  18,  18,  18,  18,  19,  19,  19,  20,  18,
  512.0K,   3,   4,   9,  18,  20,  21,  21,  25,  32,  45,  69,  28,  21,
 1024.0K,   7,  12,  23,  44,  85, 340, 330, 345, 354, 376, 424,  69,  27,
 2048.0K,   7,  12,  23,  44,  85, 338, 328, 345, 354, 375, 422, 421,  76,
 4096.0K,   7,  12,  23,  44,  85, 338, 328, 345, 355, 376, 420, 421, 419,
 8192.0K,   7,  12,  23,  44,  85, 339, 330, 346, 355, 376, 421, 423, 420,
16384.0K,   7,  12,  23,  44,  85, 336, 328, 345, 355, 376, 422, 423, 424,
*** BlockRandom Read Latency ***
Block,      8,  16,  32,  64, 128, 256, 512,  1K,  2K,  4K,  8K, 16K,
   0.50K,   2,
    1.0K,   2,   2,
    2.0K,   2,   2,   2,
    4.0K,   2,   2,   2,   2,
    8.0K,   4,   3,   2,   2,   2,
   16.0K,  19,  18,  18,  18,  18,  18,
   32.0K,  19,  18,  18,  18,  18,  18,  18,
   64.0K,  18,  18,  18,  18,  18,  18,  18,  18,
  128.0K,  18,  18,  18,  18,  18,  18,  18,  18,  19,
  256.0K,  18,  18,  18,  18,  18,  18,  18,  18,  19,  19,
  512.0K,  20,  20,  20,  20,  20,  20,  20,  20,  20,  33,  46,
 1024.0K,  99, 152, 172, 176, 176, 176, 180, 185, 191, 198, 228, 303,
 2048.0K,  99, 153, 172, 176, 177, 178, 180, 186, 191, 199, 230, 320,
 4096.0K,  99, 153, 173, 177, 177, 178, 180, 186, 192, 198, 229, 320,
 8192.0K,  99, 153, 173, 177, 177, 179, 181, 186, 192, 199, 229, 321,
16384.0K, 100, 154, 173, 177, 177, 179, 181, 186, 192, 199, 230, 321,
*** Random Read Latency ***
Stride,     4,   8,  16,  32,  64, 128, 256, 512,  1K,  2K,  4K,  8K, 16K,
   0.25K,   1,   1,   1,   1,   1,   1,
   0.50K,   2,   2,   2,   2,   2,   2,   2,
    1.0K,   2,   2,   2,   2,   2,   2,   2,   2,
    2.0K,   2,   2,   2,   2,   2,   2,   2,   2,   2,
    4.0K,   2,   2,   2,   2,   2,   2,   2,   2,   2,   2,
    8.0K,   2,   2,   2,   2,   2,   2,   2,   2,   2,   2,   2,
   16.0K,  15,  14,  14,  15,  18,  19,  19,  19,  20,  20,   2,   2,
   32.0K,  17,  17,  18,  17,  18,  18,  19,  20,  20,  19,  20,   2,   2,
   64.0K,  18,  18,  18,  18,  18,  18,  18,  19,  19,  19,  21,  19,   2,
  128.0K,  18,  18,  18,  18,  19,  19,  19,  19,  19,  20,  22,  24,  24,
  256.0K,  18,  18,  19,  19,  19,  19,  19,  20,  19,  19,  22,  24,  24,
  512.0K,  40,  41,  41,  44,  46,  43,  43,  44,  48,  59,  71,  29,  27,
 1024.0K, 233, 236, 244, 259, 303, 409, 411, 412, 412, 416, 419,  75,  28,
 2048.0K, 329, 331, 336, 346, 367, 418, 417, 418, 419, 419, 422, 423,  61,
 4096.0K, 379, 381, 383, 389, 400, 421, 420, 420, 420, 420, 423, 425, 427,
 8192.0K, 408, 408, 410, 413, 419, 425, 422, 421, 422, 424, 424, 425, 429,
16384.0K, 424, 424, 424, 426, 429, 430, 429, 428, 430, 432, 434, 435, 440,
*** CacheLine Forward Read Latency ***
Distance,   8,  16,  24,  32,  48,  64,  96, 128, 160, 192, 224, 256, 288,
    8.0K,   2,   2,   2,   2,   2,   2,   2,   2,   2,   2,   2,
   16.0K,  12,  11,  11,  11,  11,  20,  20,  20,  20,  20,  20,  20,
   32.0K,  12,  12,  12,  12,  12,  20,  20,  20,  20,  20,  20,  20,  20,
   64.0K,  12,  12,  12,  12,  12,  20,  20,  20,  20,  20,  20,  20,  20,
  128.0K,  13,  13,  13,  13,  13,  20,  20,  20,  20,  20,  20,  20,  20,
  256.0K,  13,  13,  13,  13,  13,  20,  20,  20,  20,  20,  20,  20,  20,
  512.0K,  20,  17,  19,  20,  21,  25,  25,  27,  27,  27,  27,  27,  27,
 1024.0K, 189, 188, 189, 189, 191, 215, 215, 352, 352, 352, 352, 352, 352,
 2048.0K, 189, 190, 189, 189, 192, 215, 215, 352, 352, 352, 352, 352, 352,
 4096.0K, 189, 189, 190, 189, 192, 215, 215, 352, 352, 352, 352, 352, 352,
 8192.0K, 190, 190, 189, 190, 192, 215, 215, 352, 352, 352, 352, 352, 352,
16384.0K, 189, 189, 190, 190, 192, 215, 216, 353, 352, 352, 353, 353, 352,
*** CacheLine Backward Read Latency ***
Distance,   8,  16,  24,  32,  48,  64,  96, 128, 160, 192, 224, 256, 288,
    8.0K,   2,   2,   2,   2,   2,   2,   2,   2,   2,   2,   2,
   16.0K,  12,  12,  11,  11,  11,  20,  20,  20,  20,  20,  20,  20,
   32.0K,  12,  12,  12,  12,  12,  20,  20,  20,  20,  20,  20,  20,  20,
   64.0K,  12,  12,  12,  12,  12,  20,  20,  20,  20,  20,  20,  20,  20,
  128.0K,  13,  13,  13,  13,  13,  20,  20,  20,  20,  20,  20,  20,  20,
  256.0K,  13,  13,  13,  13,  13,  20,  20,  20,  20,  20,  20,  20,  20,
  512.0K,  26,  26,  26,  26,  26,  25,  25,  26,  25,  25,  25,  27,  25,
 1024.0K, 189, 189, 191, 191, 193, 215, 215, 352, 352, 352, 352, 352, 352,
 2048.0K, 190, 190, 192, 192, 193, 215, 216, 352, 352, 352, 352, 352, 352,
 4096.0K, 190, 190, 192, 191, 193, 215, 216, 352, 352, 352, 352, 352, 352,
 8192.0K, 190, 190, 192, 192, 193, 215, 215, 352, 352, 352, 352, 352, 352,
16384.0K, 190, 190, 192, 192, 194, 215, 216, 353, 352, 353, 352, 353, 353,
BenchMemLat exit code: 0x0100
L1D cacheline size: 64 bytes      [Mode:6 Size:    16K, Stride:   512, #NOP:  0, UnRoll:32]
L2  cacheline size:128 bytes      [Mode:6 Size:  1024K, Stride:   512, #NOP:  0, UnRoll:64]
Mem latency: 147.814ns( 356 clks) [Mode:1 Size: 16384K, Stride:  1024, #NOP:  0, UnRoll:64]
L1D latency:   0.806ns(   2 clks) [Mode:1 Size:     4K, Stride:    64, #NOP:  0, UnRoll:64]
L2  latency:   9.023ns(  22 clks) [Mode:1 Size:   512K, Stride:   128, #NOP:  0, UnRoll:64]
Running time:    191 seconds.
