Copyright (C) 2003, 2009 Lavalys Consulting Group, Inc. All rights reserved.
everest_bench.dll build: 2.4.257.0 Jan 19 2009 01:57:35
CPUCount: 2, procMask: 0x00000003 Size of Memory: 523824KB Priority:080
CPU#00 Vendor: GenuineIntel CoreType:0x20000683
CPU#00 Family: 6 Model: 08 Stepping: 3
CPU#00 Features: TSC, FPU, CMOV, MMX, SSE, CMPXCHG8B
CPU#00 Frequency:  730.79MHz  OS:5.1.2600 Service Pack 2
CPU#00 AffMask:0x00000001 APIC_ID:0x00000000 Phys_ID:000 Core_ID:00 SMT_ID:00 PhysMask:0x00000001 
CPU#00 L1I cache:    16KB,   32 byte cache line,  4 way, SMask:00000001
CPU#00 L1D cache:    16KB,   32 byte cache line,  4 way, SMask:00000001
CPU#00 L2  cache:   256KB,   32 byte cache line,  8 way, SMask:00000001
CPU#01 Vendor: GenuineIntel CoreType:0x20000683
CPU#01 Family: 6 Model: 08 Stepping: 3
CPU#01 Features: TSC, FPU, CMOV, MMX, SSE, CMPXCHG8B
CPU#01 Frequency:  730.78MHz  OS:5.1.2600 Service Pack 2
CPU#01 AffMask:0x00000002 APIC_ID:0x00000000 Phys_ID:001 Core_ID:00 SMT_ID:00 PhysMask:0x00000002 
CPU#01 L1I cache:    16KB,   32 byte cache line,  4 way, SMask:00000002
CPU#01 L1D cache:    16KB,   32 byte cache line,  4 way, SMask:00000002
CPU#01 L2  cache:   256KB,   32 byte cache line,  8 way, SMask:00000002
CPU#00 AffMask:0x00000001 APIC_ID:0x00000000 Phys_ID:000 Core_ID:00 SMT_ID:00 PhysMask:0x00000001 
CPU#01 AffMask:0x00000002 APIC_ID:0x00000000 Phys_ID:001 Core_ID:00 SMT_ID:00 PhysMask:0x00000002 
Parameters: "-ph -d4094 -l "
Memory Latency ProcMask:0x00000001 #NOP:0
*** Linear Read Latency ***
Stride,     4,   8,  16,  32,  64, 128, 256, 512,  1K,  2K,  4K,  8K, 16K,
   0.25K,   3,   3,   3,   3,   3,   3,
   0.50K,   3,   3,   3,   3,   3,   3,   3,
    1.0K,   3,   3,   3,   3,   3,   3,   3,   3,
    2.0K,   3,   3,   3,   3,   3,   3,   3,   3,   3,
    4.0K,   3,   3,   3,   3,   3,   3,   3,   3,   3,   3,
    8.0K,   3,   3,   3,   3,   3,   3,   3,   3,   3,   3,   3,
   16.0K,   3,   3,   3,   3,   3,   3,   3,   3,   3,   3,   3,   3,
   32.0K,   4,   5,   8,  13,  13,  13,  13,  13,  13,  13,  13,   3,   3,
   64.0K,   4,   5,   8,  13,  13,  13,  13,  13,  13,  13,  13,  13,   3,
  128.0K,   4,   5,   8,  13,  13,  13,  13,  13,  13,  13,  13,  13,  13,
  256.0K,   4,   5,   8,  13,  13,  13,  13,  13,  13,  13,  13,  13,  13,
  512.0K,  14,  25,  47,  79,  79,  79,  81,  83,  88, 100, 121,  32,  18,
 1024.0K,  14,  25,  47,  79,  79,  79,  81,  83,  88, 100, 121, 121,  30,
 2048.0K,  14,  25,  47,  79,  79,  79,  81,  83,  88, 100, 121, 121, 120,
 4096.0K,  14,  25,  47,  79,  79,  79,  81,  83,  88, 100, 121, 121, 121,
 8192.0K,  14,  25,  47,  79,  79,  79,  80,  83,  88, 100, 119, 181, 121,
16384.0K,  14,  25,  47,  79,  79,  79,  81,  83,  88, 101, 121, 121, 121,
*** Backward Read Latency ***
Stride,     4,   8,  16,  32,  64, 128, 256, 512,  1K,  2K,  4K,  8K, 16K,
   0.25K,   3,   3,   3,   3,   3,   3,
   0.50K,   3,   3,   3,   3,   3,   3,   3,
    1.0K,   3,   3,   3,   3,   3,   3,   3,   3,
    2.0K,   3,   3,   3,   3,   3,   3,   3,   3,   3,
    4.0K,   3,   3,   3,   3,   3,   3,   3,   3,   3,   3,
    8.0K,   3,   3,   3,   3,   3,   3,   3,   3,   3,   3,   3,
   16.0K,   3,   3,   3,   3,   3,   3,   3,   3,   3,   3,   3,   3,
   32.0K,   4,   5,   8,  13,  13,  13,  13,  13,  13,  13,  13,   3,   3,
   64.0K,   4,   5,   8,  13,  13,  13,  13,  13,  13,  13,  13,  13,   3,
  128.0K,   4,   5,   8,  13,  13,  13,  13,  13,  13,  13,  13,  13,  13,
  256.0K,   4,   5,   8,  13,  13,  13,  13,  13,  13,  13,  13,  13,  13,
  512.0K,  14,  25,  47,  79,  79,  79,  80,  83,  88, 100, 122,  32,  18,
 1024.0K,  14,  25,  47,  79,  79,  79,  80,  83,  88, 100, 121, 121,  32,
 2048.0K,  14,  25,  47,  79,  79,  79,  81,  83,  88, 100, 121, 121, 121,
 4096.0K,  14,  25,  47,  79,  79,  79,  81,  83,  88, 100, 121, 121, 121,
 8192.0K,  14,  25,  47,  79,  79,  79,  81,  83,  88, 100, 182, 121, 121,
16384.0K,  14,  25,  47,  79,  79,  79,  81,  83,  88, 101, 121, 182, 121,
*** BlockRandom Read Latency ***
Block,      8,  16,  32,  64, 128, 256, 512,  1K,  2K,  4K,  8K, 16K,
   0.25K,   3,
   0.50K,   3,   3,
    1.0K,   3,   3,   3,
    2.0K,   3,   3,   3,   3,
    4.0K,   3,   3,   3,   3,   3,
    8.0K,   3,   3,   3,   3,   3,   3,
   16.0K,   3,   3,   3,   3,   3,   3,   3,
   32.0K,  13,  13,  13,  13,  13,  13,  13,  13,
   64.0K,  13,  13,  13,  13,  13,  13,  13,  13,  13,
  128.0K,  13,  13,  13,  13,  13,  13,  13,  13,  13,  13,
  256.0K,  13,  13,  13,  13,  13,  13,  13,  13,  13,  13,  13,
  512.0K,  79,  79,  79,  79,  79,  79,  79,  97, 105, 110, 113, 116,
 1024.0K,  79,  79,  79,  79,  79,  79,  79,  97, 102, 109, 112, 117,
 2048.0K,  79,  79,  79,  79,  79,  79,  79,  97, 104, 109, 113, 117,
 4096.0K,  79,  79,  79,  79,  79,  79,  79,  97, 106, 110, 113, 117,
 8192.0K,  79,  79,  79,  79,  79,  79,  79,  97, 106, 110, 112, 117,
16384.0K,  79,  79,  79,  79,  79,  79,  79,  97, 106, 110, 112, 117,
*** Random Read Latency ***
Stride,     4,   8,  16,  32,  64, 128, 256, 512,  1K,  2K,  4K,  8K, 16K,
   0.25K,   3,   3,   3,   3,   3,   3,
   0.50K,   3,   3,   3,   3,   3,   3,   3,
    1.0K,   3,   3,   3,   3,   3,   3,   3,   3,
    2.0K,   3,   3,   3,   3,   3,   3,   3,   3,   3,
    4.0K,   3,   3,   3,   3,   3,   3,   3,   3,   3,   3,
    8.0K,   3,   3,   3,   3,   3,   3,   3,   3,   3,   3,   3,
   16.0K,   3,   3,   3,   3,   3,   3,   3,   3,   3,   3,   3,   3,
   32.0K,   8,   9,  10,  13,  13,  13,  13,  13,  13,  13,  13,   3,   3,
   64.0K,  11,  11,  12,  13,  13,  13,  13,  13,  13,  13,  13,  13,   3,
  128.0K,  12,  12,  12,  13,  13,  13,  13,  13,  13,  13,  13,  13,  13,
  256.0K,  13,  13,  14,  13,  13,  13,  13,  13,  13,  13,  13,  13,  13,
  512.0K,  70,  75,  86, 117, 117, 117, 117, 117, 118, 119, 121,  21,  19,
 1024.0K,  96,  99, 105, 119, 119, 119, 119, 119, 119, 120, 122, 121,  26,
 2048.0K, 109, 110, 114, 120, 120, 120, 120, 121, 120, 121, 122, 121, 120,
 4096.0K, 116, 116, 118, 121, 121, 122, 121, 121, 121, 121, 122, 122, 121,
 8192.0K, 121, 122, 122, 124, 123, 123, 122, 122, 122, 122, 122, 122, 180,
16384.0K, 126, 127, 127, 128, 126, 125, 125, 124, 123, 123, 122, 183, 122,
*** CacheLine Forward Read Latency ***
Distance,   8,  16,  24,  32,  48,  64,  96, 128, 160, 192, 224, 256, 288,
    8.0K,   3,   3,   3,   3,   3,   3,   3,   3,   3,   3,   3,
   16.0K,   3,   3,   3,   3,   3,   3,   3,   3,   3,   3,   3,   3,
   32.0K,   8,   8,   8,  13,  13,  13,  13,  13,  13,  13,  13,  13,  13,
   64.0K,   8,   8,   8,  13,  13,  13,  13,  13,  13,  13,  13,  13,  13,
  128.0K,   8,   8,   8,  13,  13,  13,  13,  13,  13,  13,  13,  13,  13,
  256.0K,   8,   8,   8,  13,  13,  13,  13,  13,  13,  13,  13,  13,  13,
  512.0K,  42,  42,  42,  81,  81,  81,  81,  81,  81,  81,  81,  81,  81,
 1024.0K,  42,  42,  42,  81,  81,  81,  81,  81,  81,  81,  81,  81,  81,
 2048.0K,  42,  43,  43,  81,  81,  81,  81,  81,  81,  81,  81,  81,  81,
 4096.0K,  42,  43,  43,  81,  81,  81,  81,  81,  81,  81,  81,  81,  81,
 8192.0K,  42,  42,  43,  81,  81,  81,  81,  81,  81,  81,  81,  81,  81,
16384.0K,  43,  43,  43,  81,  81,  81,  81,  81,  81,  81,  81,  81,  81,
*** CacheLine Backward Read Latency ***
Distance,   8,  16,  24,  32,  48,  64,  96, 128, 160, 192, 224, 256, 288,
    8.0K,   3,   3,   3,   3,   3,   3,   3,   3,   3,   3,   3,
   16.0K,   3,   3,   3,   3,   3,   3,   3,   3,   3,   3,   3,   3,
   32.0K,   8,   8,   8,  13,  13,  13,  13,  13,  13,  13,  13,  13,  13,
   64.0K,   8,   8,   8,  13,  13,  13,  13,  13,  13,  13,  13,  13,  13,
  128.0K,   8,   8,   8,  13,  13,  13,  13,  13,  13,  13,  13,  13,  13,
  256.0K,   8,   8,   8,  13,  13,  13,  13,  13,  13,  13,  13,  13,  13,
  512.0K,  42,  42,  42,  81,  81,  81,  81,  81,  81,  81,  81,  81,  81,
 1024.0K,  42,  42,  43,  81,  81,  81,  81,  81,  81,  81,  81,  81,  81,
 2048.0K,  43,  43,  43,  81,  81,  81,  81,  81,  81,  81,  81,  81,  81,
 4096.0K,  43,  42,  43,  81,  81,  81,  81,  81,  81,  81,  81,  81,  81,
 8192.0K,  43,  43,  43,  81,  81,  81,  81,  81,  81,  81,  81,  81,  81,
16384.0K,  43,  43,  43,  81,  81,  81,  81,  81,  81,  81,  81,  81,  81,
BenchMemLat exit code: 0x0100
L1D cacheline size: 32 bytes      [Mode:6 Size:    32K, Stride:   512, #NOP:  0, UnRoll:64]
L2  cacheline size: 32 bytes      [Mode:6 Size:   512K, Stride:   512, #NOP:  0, UnRoll:64]
Mem latency: 117.723ns(  86 clks) [Mode:1 Size: 16384K, Stride:  1024, #NOP: 90, UnRoll:64]
L1D latency:   4.061ns(   3 clks) [Mode:1 Size:    16K, Stride:    32, #NOP:  0, UnRoll:64]
L2  latency:  18.093ns(  13 clks) [Mode:1 Size:   256K, Stride:    32, #NOP:  0, UnRoll:64]
Running time:    328 seconds.
