Copyright (C) 2003, 2009 Lavalys Consulting Group, Inc. All rights reserved.
everest_bench.dll build: 2.4.257.0 Jan 19 2009 01:57:35
CPUCount: 2, procMask: 0x00000003 Size of Memory: 1047756KB Priority:080
CPU#00 Vendor: GenuineIntel CoreType:0x200006f6
CPU#00 Family: 6 Model: 0f Stepping: 6 Type: "Intel(R) Core(TM)2 CPU         T5600  @ 1.83GHz"
CPU#00 Features: TSC, FPU, CMOV, MMX, SSE, SSE2, SSE3, SSSE3, CMPXCHG8B, HTT
CPU#00 Frequency: 1828.63MHz  OS:5.1.2600 Service Pack 2
CPU#00 AffMask:0x00000001 APIC_ID:0x00000000 Phys_ID:000 Core_ID:00 SMT_ID:00 PhysMask:0x00000003 
CPU#00 L1I cache:    32KB,   64 byte cache line,  8 way, SMask:00000001
CPU#00 L1D cache:    32KB,   64 byte cache line,  8 way, SMask:00000001
CPU#00 L2  cache:  2048KB,   64 byte cache line,  8 way, SMask:00000003
CPU#01 Vendor: GenuineIntel CoreType:0x200006f6
CPU#01 Family: 6 Model: 0f Stepping: 6 Type: "Intel(R) Core(TM)2 CPU         T5600  @ 1.83GHz"
CPU#01 Features: TSC, FPU, CMOV, MMX, SSE, SSE2, SSE3, SSSE3, CMPXCHG8B, HTT
CPU#01 Frequency: 1828.62MHz  OS:5.1.2600 Service Pack 2
CPU#01 AffMask:0x00000002 APIC_ID:0x00000001 Phys_ID:000 Core_ID:00 SMT_ID:01 PhysMask:0x00000003 
CPU#01 L1I cache:    32KB,   64 byte cache line,  8 way, SMask:00000002
CPU#01 L1D cache:    32KB,   64 byte cache line,  8 way, SMask:00000002
CPU#01 L2  cache:  2048KB,   64 byte cache line,  8 way, SMask:00000003
CPU#00 AffMask:0x00000001 APIC_ID:0x00000000 Phys_ID:000 Core_ID:00 SMT_ID:00 PhysMask:0x00000003 
CPU#01 AffMask:0x00000002 APIC_ID:0x00000001 Phys_ID:000 Core_ID:00 SMT_ID:01 PhysMask:0x00000003 
Parameters: "-ph -d4094 -l "
Memory Latency ProcMask:0x00000001 #NOP:0
*** Linear Read Latency ***
Stride,     4,   8,  16,  32,  64, 128, 256, 512,  1K,  2K,  4K,  8K, 16K,
   0.25K,  -1,   3,   3,   3,   3,   3,
   0.50K,   3,   3,   3,   3,   3,   3,   3,
    1.0K,   3,   3,   3,   3,   3,   3,   3,   3,
    2.0K,   3,   3,   3,   3,   3,   3,   3,   3,   3,
    4.0K,   3,   3,   3,   3,   3,   3,   3,   3,   3,   3,
    8.0K,   3,   3,   3,   3,   3,   3,   3,   3,   3,   3,   3,
   16.0K,   3,   3,   3,   3,   3,   3,   3,   3,   3,   3,   3,   3,
   32.0K,   3,   3,   3,   3,   3,   3,   3,   3,   3,   3,   3,   3,   3,
   64.0K,   3,   3,   4,   8,  14,  14,  14,  14,  14,  14,  14,   3,   3,
  128.0K,   3,   3,   4,   9,  14,  14,  14,  14,  15,  15,  16,  16,   5,
  256.0K,   3,   3,   4,   9,  14,  14,  14,  14,  15,  15,  16,  16,  16,
  512.0K,   3,   3,   4,   9,  14,  14,  14,  14,  15,  15,  16,  16,  16,
 1024.0K,   3,   3,   4,   9,  14,  14,  14,  14,  15,  15,  16,  16,  16,
 2048.0K,   3,   3,   5,   9,  15,  18,  18,  19,  20,  23,  27,  23,  23,
 4096.0K,   3,   4,  11,  18,  35, 193, 194, 196, 199, 204, 221,  30,  23,
 8192.0K,   3,   5,  11,  17,  35, 193, 195, 197, 199, 206, 221, 224,  37,
16384.0K,   3,   5,  11,  17,  35, 193, 195, 197, 202, 206, 222, 222, 225,
32768.0K,   3,   5,  11,  17,  36, 194, 195, 197, 199, 210, 223, 224, 228,
*** Backward Read Latency ***
Stride,     4,   8,  16,  32,  64, 128, 256, 512,  1K,  2K,  4K,  8K, 16K,
   0.25K,   3,   3,   3,   3,   3,   3,
   0.50K,   3,   3,   3,   3,   3,   3,   3,
    1.0K,   3,   3,   3,   3,   3,   3,   3,   3,
    2.0K,   3,   3,   3,   3,   3,   3,   3,   3,   3,
    4.0K,   3,   3,   3,   3,   3,   3,   3,   3,   3,   3,
    8.0K,   3,   3,   3,   3,   3,   3,   3,   3,   3,   3,   3,
   16.0K,   3,   3,   3,   3,   3,   3,   3,   3,   3,   3,   3,   3,
   32.0K,   3,   3,   3,   3,   3,   3,   3,   3,   3,   3,   3,   3,   3,
   64.0K,   3,   3,   4,   8,  14,  14,  14,  14,  14,  14,  14,   3,   3,
  128.0K,   3,   3,   4,   9,  14,  14,  14,  14,  15,  15,  16,  16,   5,
  256.0K,   3,   3,   4,   9,  14,  14,  14,  14,  15,  15,  16,  16,  16,
  512.0K,   3,   3,   4,   9,  14,  14,  14,  14,  15,  15,  16,  16,  16,
 1024.0K,   3,   3,   4,   9,  14,  14,  14,  14,  15,  15,  16,  16,  16,
 2048.0K,   3,   3,   5,   9,  15,  18,  18,  19,  21,  24,  27,  23,  23,
 4096.0K,   4,   5,  11,  17,  35, 193, 194, 198, 200, 202, 222,  30,  23,
 8192.0K,   4,   5,  11,  17,  35, 193, 194, 205, 211, 207, 221, 224,  37,
16384.0K,   4,   5,  11,  17,  35, 194, 194, 197, 198, 206, 223, 222, 224,
32768.0K,   4,   5,  11,  17,  35, 193, 195, 197, 201, 208, 221, 223, 315,
*** BlockRandom Read Latency ***
Block,      8,  16,  32,  64, 128, 256, 512,  1K,  2K,  4K,  8K, 16K,
   0.50K,   3,
    1.0K,   3,   3,
    2.0K,   3,   3,   3,
    4.0K,   3,   3,   3,   3,
    8.0K,   3,   3,   3,   3,   3,
   16.0K,   3,   3,   3,   3,   3,   3,
   32.0K,   3,   3,   3,   3,   3,   3,   3,
   64.0K,  14,  14,  14,  14,  14,  14,  14,  14,
  128.0K,  14,  14,  14,  14,  14,  14,  14,  14,  15,
  256.0K,  14,  14,  14,  14,  14,  14,  14,  14,  15,  16,
  512.0K,  14,  14,  14,  14,  14,  14,  14,  14,  15,  16,  16,
 1024.0K,  14,  14,  14,  14,  14,  14,  14,  14,  15,  16,  16,  16,
 2048.0K,  16,  16,  16,  16,  16,  16,  18,  16,  17,  18,  18,  18,
 4096.0K,  57,  79,  93, 100, 104, 109, 112, 110, 112, 110, 110, 111,
 8192.0K,  57,  79,  93, 100, 104, 110, 111, 112, 112, 110, 110, 111,
16384.0K,  57,  79,  94, 101, 104, 109, 113, 113, 113, 110, 111, 111,
32768.0K,  57,  79,  93, 101, 104, 109, 112, 113, 113, 111, 111, 111,
*** Random Read Latency ***
Stride,     4,   8,  16,  32,  64, 128, 256, 512,  1K,  2K,  4K,  8K, 16K,
   0.25K,   3,   3,   3,   3,   3,   3,
   0.50K,   3,   3,   3,   3,   3,   3,   3,
    1.0K,   3,   3,   3,   3,   3,   3,   3,   3,
    2.0K,   3,   3,   3,   3,   3,   3,   3,   3,   3,
    4.0K,   3,   3,   3,   3,   3,   3,   3,   3,   3,   3,
    8.0K,   3,   3,   3,   3,   3,   3,   3,   3,   3,   3,   3,
   16.0K,   3,   3,   3,   3,   3,   3,   3,   3,   3,   3,   3,   3,
   32.0K,   3,   3,   3,   3,   3,   3,   3,   3,   3,   3,   3,   3,   3,
   64.0K,   9,   9,  10,  11,  14,  14,  14,  14,  14,  14,  14,   3,   3,
  128.0K,  12,  13,  13,  14,  15,  15,  15,  15,  15,  15,  16,  16,   5,
  256.0K,  14,  14,  14,  15,  16,  16,  16,  16,  16,  16,  16,  16,  16,
  512.0K,  15,  15,  15,  16,  16,  16,  16,  16,  16,  16,  16,  16,  16,
 1024.0K,  16,  16,  16,  16,  16,  16,  16,  16,  16,  16,  16,  17,  16,
 2048.0K,  20,  21,  21,  22,  22,  24,  23,  24,  24,  24,  26,  24,  24,
 4096.0K, 123, 125, 129, 136, 149, 213, 213, 213, 211, 212, 215,  47,  23,
 8192.0K, 173, 173, 178, 181, 192, 219, 217, 215, 217, 219, 220, 225,  35,
16384.0K, 199, 200, 201, 204, 209, 219, 218, 216, 217, 219, 222, 222, 225,
32768.0K, 214, 213, 216, 217, 218, 225, 224, 223, 225, 230, 323, 234, 229,
*** CacheLine Forward Read Latency ***
Distance,   8,  16,  24,  32,  48,  64,  96, 128, 160, 192, 224, 256, 288,
    8.0K,   3,   3,   3,   3,   3,   3,   3,   3,   3,   3,   3,
   16.0K,   3,   3,   3,   3,   3,   3,   3,   3,   3,   3,   3,   3,
   32.0K,   3,   3,   3,   3,   3,   3,   3,   3,   3,   3,   3,   3,   3,
   64.0K,   9,   9,   9,   9,   9,  15,  15,  15,  15,  15,  15,  15,  15,
  128.0K,  10,  10,   9,  10,  10,  16,  16,  16,  16,  16,  16,  15,  15,
  256.0K,   9,  10,   9,   9,   9,  16,  16,  16,  16,  15,  15,  15,  15,
  512.0K,  10,   9,   9,   9,  10,  16,  16,  16,  16,  16,  16,  16,  16,
 1024.0K,  10,  10,  10,  10,  10,  16,  16,  16,  16,  16,  16,  16,  16,
 2048.0K,  12,  12,  13,  12,  12,  19,  19,  21,  21,  20,  20,  20,  20,
 4096.0K,  99,  99,  99,  99,  99, 114, 114, 189, 190, 188, 189, 189, 196,
 8192.0K,  99,  99,  99,  99,  99, 115, 114, 189, 190, 189, 189, 190, 189,
16384.0K,  99,  99,  99,  99,  99, 114, 115, 190, 191, 189, 189, 190, 190,
32768.0K,  99,  99,  99, 100,  99, 115, 114, 190, 190, 189, 189, 190, 190,
*** CacheLine Backward Read Latency ***
Distance,   8,  16,  24,  32,  48,  64,  96, 128, 160, 192, 224, 256, 288,
    8.0K,   3,   3,   3,   3,   3,   3,   3,   3,   3,   3,   3,
   16.0K,   3,   3,   3,   3,   3,   3,   3,   3,   3,   3,   3,   3,
   32.0K,   3,   3,   3,   3,   3,   3,   3,   3,   3,   3,   3,   3,   3,
   64.0K,   9,   9,   9,   9,   9,  15,  15,  15,  15,  15,  15,  15,  15,
  128.0K,   9,   9,   9,  10,   9,  15,  16,  16,  16,  16,  15,  16,  16,
  256.0K,   9,  10,   9,  10,   9,  16,  16,  16,  16,  15,  15,  15,  15,
  512.0K,   9,  10,   9,   9,  10,  15,  16,  16,  16,  16,  16,  16,  16,
 1024.0K,  10,   9,  10,  10,  10,  16,  16,  16,  16,  15,  16,  16,  16,
 2048.0K,  12,  12,  12,  12,  13,  19,  19,  21,  21,  21,  20,  21,  20,
 4096.0K,  99,  99, 106,  99,  99, 116, 117, 189, 190, 188, 188, 190, 190,
 8192.0K,  99,  99,  99,  99,  99, 116, 116, 190, 190, 190, 190, 191, 191,
16384.0K,  99,  99,  99,  99,  99, 116, 116, 190, 191, 189, 190, 190, 190,
32768.0K, 100, 100, 100,  99,  99, 116, 116, 191, 191, 190, 190, 190, 191,
BenchMemLat exit code: 0x0100
L1D cacheline size: 64 bytes      [Mode:6 Size:    64K, Stride:   512, #NOP:  0, UnRoll:64]
L2  cacheline size:128 bytes      [Mode:6 Size:  4096K, Stride:   512, #NOP:  0, UnRoll:64]
Mem latency:  99.380ns( 182 clks) [Mode:1 Size: 16384K, Stride:  1024, #NOP: 16, UnRoll:64]
L1D latency:   1.632ns(   3 clks) [Mode:1 Size:    32K, Stride:    64, #NOP:  0, UnRoll:64]
L2  latency:   4.574ns(   8 clks) [Mode:1 Size:  2048K, Stride:   128, #NOP: 31, UnRoll:64]
Running time:    377 seconds.
