Copyright (C) 2003, 2009 Lavalys Consulting Group, Inc. All rights reserved.
everest_bench.dll build: 2.4.257.0 Jan 19 2009 01:57:35
CPUCount: 1, procMask: 0x00000001 Size of Memory: 253492KB Priority:080
CPU#00 Vendor: GenuineIntel CoreType:0x20000686
CPU#00 Family: 6 Model: 08 Stepping: 6
CPU#00 Features: TSC, FPU, CMOV, MMX, SSE, CMPXCHG8B
CPU#00 Frequency:  701.51MHz  OS:5.0.2195 Service Pack 4
CPU#00 AffMask:0x00000001 APIC_ID:0x00000000 Phys_ID:000 Core_ID:00 SMT_ID:00 PhysMask:0x00000001 
CPU#00 L1I cache:    16KB,   32 byte cache line,  4 way, SMask:00000001
CPU#00 L1D cache:    16KB,   32 byte cache line,  4 way, SMask:00000001
CPU#00 L2  cache:   128KB,   32 byte cache line,  4 way, SMask:00000001
CPU#00 AffMask:0x00000001 APIC_ID:0x00000000 Phys_ID:000 Core_ID:00 SMT_ID:00 PhysMask:0x00000001 
Parameters: "-ph -d4094 -l "
Memory Latency ProcMask:0x00000001 #NOP:0
*** Linear Read Latency ***
Stride,     4,   8,  16,  32,  64, 128, 256, 512,  1K,  2K,  4K,  8K, 16K,
   0.25K,   3,   3,   3,   3,   3,   3,
   0.50K,   3,   3,   3,   3,   3,   3,   3,
    1.0K,   3,   3,   3,   3,   3,   3,   3,   3,
    2.0K,   3,   3,   3,   3,   3,   3,   3,   3,   3,
    4.0K,   3,   3,   3,   3,   3,   3,   3,   3,   3,   3,
    8.0K,   3,   3,   3,   3,   3,   3,   3,   3,   3,   3,   3,
   16.0K,   3,   3,   3,   3,   3,   3,   3,   3,   3,   3,   3,   3,
   32.0K,   3,   4,   5,   7,   7,   7,   7,   7,   7,   7,   7,   3,   3,
   64.0K,   3,   4,   5,   7,   7,   7,   7,   7,   7,   7,   7,   7,   3,
  128.0K,   4,   4,   5,   7,   7,   7,   7,   7,   7,   7,   7,   7,   7,
  256.0K,  31,  61, 112, 187, 183, 181, 186, 179, 202, 222, 208,   7,   7,
  512.0K,  31,  61, 110, 189, 185, 178, 186, 192, 202, 222, 210, 217,  12,
 1024.0K,  31,  62, 112, 192, 186, 183, 187, 194, 190, 223, 221, 222, 221,
 2048.0K,  31,  62, 112, 192, 188, 185, 187, 188, 202, 210, 221, 221, 222,
 4096.0K,  31,  62, 112, 193, 189, 187, 190, 193, 207, 220, 221, 211, 211,
 8192.0K,  31,  62, 112, 193, 189, 187, 191, 195, 206, 220, 221, 221, 221,
16384.0K,  31,  62, 112, 193, 189, 187, 192, 196, 205, 224, 225, 215, 221,
*** Backward Read Latency ***
Stride,     4,   8,  16,  32,  64, 128, 256, 512,  1K,  2K,  4K,  8K, 16K,
   0.25K,   3,   3,   3,   3,   3,   3,
   0.50K,   3,   3,   3,   3,   3,   3,   3,
    1.0K,   3,   3,   3,   3,   3,   3,   3,   3,
    2.0K,   3,   3,   3,   3,   3,   3,   3,   3,   3,
    4.0K,   3,   3,   3,   3,   3,   3,   3,   3,   3,   3,
    8.0K,   3,   3,   3,   3,   3,   3,   3,   3,   3,   3,   3,
   16.0K,   3,   3,   3,   3,   3,   3,   3,   3,   3,   3,   3,   3,
   32.0K,   3,   4,   5,   7,   7,   7,   7,   7,   7,   7,   7,   3,   3,
   64.0K,   3,   4,   5,   7,   7,   7,   7,   7,   7,   7,   7,   7,   3,
  128.0K,   4,   4,   5,   7,   7,   7,   7,   7,   7,   7,   7,   7,   7,
  256.0K,  31,  62, 107, 183, 182, 183, 174, 191, 189, 221, 214,   7,   7,
  512.0K,  31,  62, 109, 185, 184, 187, 182, 191, 202, 222, 219, 211,  12,
 1024.0K,  31,  62, 110, 189, 189, 183, 191, 192, 202, 223, 221, 222, 220,
 2048.0K,  31,  63, 110, 189, 187, 186, 189, 188, 203, 223, 221, 220, 220,
 4096.0K,  31,  63, 110, 189, 188, 188, 191, 192, 204, 218, 220, 221, 222,
 8192.0K,  31,  63, 110, 190, 188, 188, 191, 194, 203, 222, 219, 221, 211,
16384.0K,  31,  63, 110, 189, 188, 188, 191, 196, 206, 229, 226, 221, 221,
*** BlockRandom Read Latency ***
Block,      8,  16,  32,  64, 128, 256, 512,  1K,  2K,  4K,  8K, 16K,
   0.25K,   3,
   0.50K,   3,   3,
    1.0K,   3,   3,   3,
    2.0K,   3,   3,   3,   3,
    4.0K,   3,   3,   3,   3,   3,
    8.0K,   3,   3,   3,   3,   3,   3,
   16.0K,   3,   3,   3,   3,   3,   3,   3,
   32.0K,   7,   7,   7,   7,   7,   7,   7,   7,
   64.0K,   7,   7,   7,   7,   7,   7,   7,   7,   7,
  128.0K,   7,   7,   7,   7,   7,   7,   7,   7,   7,   7,
  256.0K, 188, 186, 184, 185, 185, 187, 205, 217, 223, 225, 226,
  512.0K, 190, 191, 190, 192, 191, 191, 212, 218, 222, 224, 226, 226,
 1024.0K, 192, 191, 192, 191, 192, 193, 212, 220, 224, 226, 227, 227,
 2048.0K, 193, 193, 192, 193, 193, 194, 212, 221, 225, 226, 228, 228,
 4096.0K, 193, 193, 193, 193, 193, 194, 213, 221, 225, 227, 228, 229,
 8192.0K, 193, 193, 193, 193, 193, 195, 213, 221, 225, 227, 228, 229,
16384.0K, 193, 193, 193, 193, 194, 195, 213, 221, 225, 227, 228, 229,
*** Random Read Latency ***
Stride,     4,   8,  16,  32,  64, 128, 256, 512,  1K,  2K,  4K,  8K, 16K,
   0.25K,   3,   3,   3,   3,   3,   3,
   0.50K,   3,   3,   3,   3,   3,   3,   3,
    1.0K,   3,   3,   3,   3,   3,   3,   3,   3,
    2.0K,   3,   3,   3,   3,   3,   3,   3,   3,   3,
    4.0K,   3,   3,   3,   3,   3,   3,   3,   3,   3,   3,
    8.0K,   3,   3,   3,   3,   3,   3,   3,   3,   3,   3,   3,
   16.0K,   3,   3,   3,   3,   3,   3,   3,   3,   3,   3,   3,   3,
   32.0K,   5,   5,   6,   7,   7,   7,   7,   7,   7,   7,   7,   3,   3,
   64.0K,   6,   6,   6,   7,   7,   7,   7,   7,   7,   7,   7,   7,   3,
  128.0K,   7,   7,   7,   7,   7,   7,   7,   7,   7,   7,   7,   7,   7,
  256.0K, 124, 132, 155, 225, 225, 221, 221, 221, 220, 219, 217,   7,   7,
  512.0K, 177, 184, 195, 225, 223, 226, 221, 221, 221, 220, 219, 211,  12,
 1024.0K, 204, 207, 214, 228, 227, 227, 226, 218, 222, 223, 223, 223, 220,
 2048.0K, 218, 219, 223, 230, 229, 227, 228, 220, 215, 221, 223, 223, 222,
 4096.0K, 225, 226, 228, 231, 229, 229, 229, 229, 227, 228, 212, 222, 212,
 8192.0K, 228, 228, 229, 230, 230, 232, 233, 232, 231, 229, 222, 222, 212,
16384.0K, 235, 235, 235, 236, 239, 241, 240, 236, 232, 230, 223, 216, 218,
*** CacheLine Forward Read Latency ***
Distance,   8,  16,  24,  32,  48,  64,  96, 128, 160, 192, 224, 256, 288,
    8.0K,   3,   3,   3,   3,   3,   3,   3,   3,   3,   3,   3,
   16.0K,   3,   3,   3,   3,   3,   3,   3,   3,   3,   3,   3,   3,
   32.0K,   5,   5,   5,   7,   7,   7,   7,   7,   7,   7,   7,   7,   7,
   64.0K,   5,   5,   5,   7,   7,   7,   7,   7,   7,   7,   7,   7,   7,
  128.0K,   5,   5,   5,   7,   7,   7,   7,   7,   7,   7,   7,   7,   7,
  256.0K, 112, 111, 105, 170, 171, 171, 171, 171, 170, 162, 171, 172, 170,
  512.0K, 112, 112, 105, 174, 174, 165, 169, 162, 173, 169, 161, 174, 174,
 1024.0K, 109, 112, 112, 167, 175, 168, 178, 179, 178, 178, 177, 174, 174,
 2048.0K, 114, 110, 112, 175, 174, 175, 173, 177, 174, 174, 178, 176, 174,
 4096.0K, 113, 114, 113, 178, 176, 177, 176, 177, 176, 176, 177, 177, 176,
 8192.0K, 114, 114, 115, 178, 178, 178, 178, 178, 178, 178, 178, 178, 178,
16384.0K, 115, 115, 115, 178, 178, 178, 178, 178, 179, 179, 179, 179, 178,
*** CacheLine Backward Read Latency ***
Distance,   8,  16,  24,  32,  48,  64,  96, 128, 160, 192, 224, 256, 288,
    8.0K,   3,   3,   3,   3,   3,   3,   3,   3,   3,   3,   3,
   16.0K,   3,   3,   3,   3,   3,   3,   3,   3,   3,   3,   3,   3,
   32.0K,   5,   5,   5,   7,   7,   7,   7,   7,   7,   7,   7,   7,   7,
   64.0K,   5,   5,   5,   7,   7,   7,   7,   7,   7,   7,   7,   7,   7,
  128.0K,   5,   5,   5,   7,   7,   7,   7,   7,   7,   7,   7,   7,   7,
  256.0K, 111, 112, 105, 171, 171, 170, 159, 171, 170, 171, 170, 171, 157,
  512.0K, 112, 109, 112, 168, 170, 160, 163, 168, 170, 173, 160, 169, 168,
 1024.0K, 107, 112, 109, 174, 170, 173, 171, 178, 176, 177, 169, 168, 177,
 2048.0K, 114, 110, 111, 173, 173, 173, 174, 175, 173, 173, 174, 173, 176,
 4096.0K, 113, 113, 113, 175, 175, 175, 176, 176, 175, 176, 175, 175, 176,
 8192.0K, 114, 114, 114, 177, 177, 177, 177, 177, 177, 177, 177, 177, 177,
16384.0K, 115, 115, 115, 178, 178, 178, 178, 178, 178, 177, 178, 177, 178,
BenchMemLat exit code: 0x0100
L1D cacheline size: 32 bytes      [Mode:6 Size:    32K, Stride:   512, #NOP:  0, UnRoll:64]
L2  cacheline size: 32 bytes      [Mode:6 Size:   256K, Stride:   512, #NOP:  0, UnRoll:64]
Mem latency: 275.546ns( 193 clks) [Mode:1 Size: 16384K, Stride:  1024, #NOP: 75, UnRoll:64]
L1D latency:   4.230ns(   3 clks) [Mode:1 Size:    16K, Stride:    32, #NOP:  0, UnRoll:64]
L2  latency:  10.005ns(   7 clks) [Mode:1 Size:   128K, Stride:    32, #NOP:  0, UnRoll:64]
Running time:    749 seconds.
