Copyright (C) 2003, 2009 Lavalys Consulting Group, Inc. All rights reserved.
everest_bench.dll build: 2.4.257.0 Jan 19 2009 01:57:35
CPUCount: 2, procMask: 0x00000003 Size of Memory: 1047760KB Priority:080
CPU#00 Vendor: GenuineIntel CoreType:0x20000f43
CPU#00 Family: f Modell: 04 Stepping: 3 Type: "              Intel(R) Pentium(R) 4 CPU 3.20GHz"
CPU#00 Features: TSC, FPU, CMOV, MMX, SSE, SSE2, SSE3, CMPXCHG8B, HTT
CPU#00 Frequency: 3199.77MHz  OS:5.2.3790 Service Pack 2
CPU#00 AffMask:0x00000001 APIC_ID:0x00000000 Phys_ID:000 Core_ID:00 SMT_ID:00 PhysMask:0x00000003 
CPU#00 L1I cache:    12K uops trace,              8 way, SMask:00000003
CPU#00 L1D cache:    16KB,   64 byte cache line,  8 way, SMask:00000003
CPU#00 L2  cache:  2048KB,   64 byte cache line,  8 way, SMask:00000003
CPU#01 Vendor: GenuineIntel CoreType:0x20000f43
CPU#01 Family: f Modell: 04 Stepping: 3 Type: "              Intel(R) Pentium(R) 4 CPU 3.20GHz"
CPU#01 Features: TSC, FPU, CMOV, MMX, SSE, SSE2, SSE3, CMPXCHG8B, HTT
CPU#01 Frequency: 3199.87MHz  OS:5.2.3790 Service Pack 2
CPU#01 AffMask:0x00000002 APIC_ID:0x00000001 Phys_ID:000 Core_ID:00 SMT_ID:01 PhysMask:0x00000003 
CPU#01 L1I cache:    12K uops trace,              8 way, SMask:00000003
CPU#01 L1D cache:    16KB,   64 byte cache line,  8 way, SMask:00000003
CPU#01 L2  cache:  2048KB,   64 byte cache line,  8 way, SMask:00000003
CPU#00 AffMask:0x00000001 APIC_ID:0x00000000 Phys_ID:000 Core_ID:00 SMT_ID:00 PhysMask:0x00000003 
CPU#01 AffMask:0x00000002 APIC_ID:0x00000001 Phys_ID:000 Core_ID:00 SMT_ID:01 PhysMask:0x00000003 
Parameters: "-ph -d4094 -l "
Memory Latency ProcMask:0x00000001 #NOP:0
*** Linear Read Latency ***
Stride,     4,   8,  16,  32,  64, 128, 256, 512,  1K,  2K,  4K,  8K, 16K,
   0.25K,   3,   2,   3,   3,   3,   4,
   0.50K,   3,   3,   4,   5,   3,   5,   5,
    1.0K,   4,   4,   4,   4,   4,   4,   4,   4,
    2.0K,   4,   4,   4,   4,   4,   4,   4,   4,   4,
    4.0K,   4,   4,   4,   4,   4,   4,   4,   4,   4,   4,
    8.0K,   4,   4,   4,   4,   4,   4,   4,   4,   4,   4,   4,
   16.0K,   4,   4,   4,   4,   4,   4,   4,   4,   4,   4,   4,   4,
   32.0K,   6,   8,  10,  21,  28,  28,  28,  28,  28,  28,   4,   4,   4,
   64.0K,   6,   8,  10,  20,  28,  28,  28,  27,  28,  28,  28,   4,   4,
  128.0K,   6,   8,  10,  19,  28,  28,  28,  28,  28,  28,  28,  28,   4,
  256.0K,   6,   8,  10,  21,  28,  28,  28,  28,  28,  28,  28,  28,  28,
  512.0K,   6,   8,  11,  21,  29,  30,  31,  33,  38,  47,  65,  28,  28,
 1024.0K,   6,   8,  11,  21,  29,  30,  31,  33,  38,  47,  65,  65,  28,
 2048.0K,   6,   8,  11,  21,  30,  32,  35,  38,  43,  53,  70,  65,  65,
 4096.0K,   6,   9,  14,  25,  42, 111, 274, 288, 304, 402, 401,  73,  62,
 8192.0K,   6,   9,  14,  25,  42, 111, 274, 288, 329, 367, 448, 402,  77,
16384.0K,   6,   9,  14,  25,  43, 112, 278, 290, 343, 339, 406, 410, 412,
32768.0K,   6,   9,  14,  25,  43, 112, 275, 289, 305, 339, 406, 410, 416,
*** Backward Read Latency ***
Stride,     4,   8,  16,  32,  64, 128, 256, 512,  1K,  2K,  4K,  8K, 16K,
   0.25K,   2,   2,   5,   3,   3,   5,
   0.50K,   3,   3,   5,   5,   3,   4,   4,
    1.0K,   4,   4,   4,   4,   4,   4,   4,   4,
    2.0K,   4,   4,   4,   4,   4,   4,   4,   4,   4,
    4.0K,   4,   4,   4,   4,   4,   4,   4,   4,   4,   4,
    8.0K,   5,   4,   4,   4,   4,   4,   4,   4,   4,   4,   4,
   16.0K,   4,   4,   4,   4,   4,   4,   4,   4,   4,   4,   4,   4,
   32.0K,   6,   8,  11,  19,  26,  31,  28,  28,  28,  28,   4,   4,   4,
   64.0K,   6,   8,  11,  21,  28,  28,  28,  28,  28,  27,  28,   4,   4,
  128.0K,   6,   9,  11,  20,  28,  28,  31,  28,  28,  28,  28,  28,   4,
  256.0K,   6,   8,  10,  21,  28,  28,  28,  26,  28,  28,  28,  28,  28,
  512.0K,   6,   8,  11,  20,  29,  30,  31,  33,  38,  47,  65,  28,  28,
 1024.0K,   6,   8,  11,  21,  29,  30,  31,  33,  38,  47,  65,  65,  28,
 2048.0K,   6,   8,  11,  21,  29,  32,  35,  38,  42,  52,  70,  65,  65,
 4096.0K,   6,   9,  14,  25,  43, 128, 281, 288, 303, 337, 402,  73,  61,
 8192.0K,   6,   9,  14,  25,  43, 129, 279, 288, 304, 338, 403, 402,  86,
16384.0K,   6,   9,  14,  25,  43, 128, 282, 289, 304, 339, 407, 411, 420,
32768.0K,   6,   9,  14,  25,  43, 130, 282, 286, 304, 340, 407, 411, 421,
*** BlockRandom Read Latency ***
Block,      8,  16,  32,  64, 128, 256, 512,  1K,  2K,  4K,  8K, 16K,
   0.50K,   3,
    1.0K,   4,   4,
    2.0K,   4,   4,   4,
    4.0K,   4,   4,   4,   4,
    8.0K,   4,   4,   4,   4,   4,
   16.0K,   4,   4,   4,   4,   4,   4,
   32.0K,  28,  28,  28,  26,  28,  28,  28,
   64.0K,  28,  28,  28,  28,  26,  28,  28,  28,
  128.0K,  28,  28,  28,  28,  28,  28,  28,  28,  28,
  256.0K,  28,  28,  28,  28,  28,  28,  28,  28,  28,  26,
  512.0K,  29,  29,  29,  29,  29,  29,  29,  29,  29,  30,  46,
 1024.0K,  29,  29,  29,  29,  29,  29,  29,  29,  29,  30,  47,  56,
 2048.0K,  30,  30,  30,  30,  30,  30,  30,  30,  30,  30,  48,  64,
 4096.0K,  46,  62,  98, 107, 116, 120, 127, 136, 164, 177, 199, 210,
 8192.0K,  46,  62,  98, 107, 116, 122, 128, 136, 164, 176, 199, 210,
16384.0K,  46,  62,  99, 107, 116, 122, 128, 137, 164, 177, 199, 210,
32768.0K,  46,  62,  98, 108, 116, 123, 133, 137, 164, 177, 199, 210,
*** Random Read Latency ***
Stride,     4,   8,  16,  32,  64, 128, 256, 512,  1K,  2K,  4K,  8K, 16K,
   0.25K,   4,   2,   3,   3,   3,   5,
   0.50K,   3,   3,   3,   5,   3,   4,   4,
    1.0K,   4,   4,   4,   4,   4,   4,   4,   4,
    2.0K,   4,   4,   4,   4,   4,   4,   4,   4,   4,
    4.0K,   4,   4,   4,   4,   4,   4,   4,   4,   4,   4,
    8.0K,   4,   4,   4,   4,   4,   4,   4,   4,   4,   4,   4,
   16.0K,   4,   4,   4,   5,   4,   4,   4,   4,   4,   4,   4,   4,
   32.0K,  18,  19,  21,  23,  28,  28,  28,  28,  28,  28,   4,   4,   4,
   64.0K,  25,  25,  25,  26,  29,  28,  28,  28,  28,  28,  28,   4,   4,
  128.0K,  27,  27,  27,  28,  28,  28,  28,  28,  28,  28,  28,  28,   4,
  256.0K,  28,  28,  28,  28,  28,  28,  28,  26,  28,  28,  28,  28,  28,
  512.0K,  46,  46,  46,  47,  46,  48,  47,  48,  52,  56,  65,  28,  28,
 1024.0K,  56,  56,  56,  56,  56,  56,  58,  57,  58,  60,  66,  65,  28,
 2048.0K,  62,  63,  63,  65,  69,  65,  66,  66,  66,  67,  93,  66,  66,
 4096.0K, 241, 241, 248, 263, 297, 387, 392, 397, 397, 399, 403,  67,  62,
 8192.0K, 334, 332, 337, 343, 362, 398, 398, 400, 400, 401, 404, 403,  77,
16384.0K, 378, 379, 380, 386, 392, 410, 409, 409, 411, 413, 421, 422, 424,
32768.0K, 403, 400, 403, 406, 407, 415, 419, 415, 417, 423, 430, 431, 433,
*** CacheLine Forward Read Latency ***
Distance,   8,  16,  24,  32,  48,  64,  96, 128, 160, 192, 224, 256, 288,
    8.0K,   4,   4,   4,   4,   4,   4,   4,   4,   4,   4,   4,
   16.0K,   4,   4,   4,   4,   4,   4,   4,   4,   4,   4,   4,   4,
   32.0K,  16,  16,  16,  16,  16,  25,  25,  25,  25,  25,  25,  25,  25,
   64.0K,  16,  16,  16,  16,  16,  25,  25,  25,  25,  25,  25,  25,  25,
  128.0K,  16,  16,  16,  16,  16,  25,  25,  25,  25,  25,  25,  25,  25,
  256.0K,  16,  16,  16,  16,  16,  25,  25,  25,  25,  25,  25,  25,  25,
  512.0K,  18,  18,  18,  19,  18,  28,  28,  28,  28,  28,  28,  28,  28,
 1024.0K,  18,  18,  18,  17,  19,  28,  28,  28,  28,  28,  28,  28,  28,
 2048.0K,  20,  21,  21,  21,  21,  31,  31,  31,  31,  31,  31,  33,  33,
 4096.0K, 155, 155, 155, 158, 159, 193, 193, 198, 199, 199, 204, 279, 280,
 8192.0K, 155, 155, 155, 158, 159, 193, 193, 198, 199, 199, 204, 278, 279,
16384.0K, 155, 155, 155, 158, 159, 193, 193, 198, 200, 199, 204, 278, 279,
32768.0K, 155, 155, 155, 158, 159, 193, 193, 198, 200, 200, 204, 278, 280,
*** CacheLine Backward Read Latency ***
Distance,   8,  16,  24,  32,  48,  64,  96, 128, 160, 192, 224, 256, 288,
    8.0K,   4,   4,   4,   4,   4,   4,   4,   4,   4,   4,   4,
   16.0K,   4,   4,   4,   4,   4,   4,   4,   4,   4,   4,   4,   4,
   32.0K,  16,  16,  16,  16,  16,  25,  25,  25,  25,  25,  25,  25,  25,
   64.0K,  16,  16,  16,  16,  16,  25,  25,  25,  25,  25,  25,  25,  25,
  128.0K,  16,  16,  16,  16,  16,  25,  25,  25,  25,  25,  25,  25,  25,
  256.0K,  16,  16,  16,  16,  16,  25,  25,  25,  25,  25,  25,  25,  25,
  512.0K,  18,  18,  19,  19,  19,  27,  28,  27,  27,  28,  28,  28,  28,
 1024.0K,  18,  18,  19,  18,  18,  27,  28,  28,  27,  27,  28,  28,  28,
 2048.0K,  21,  20,  21,  20,  20,  31,  31,  33,  33,  33,  33,  32,  32,
 4096.0K, 153, 153, 153, 156, 157, 194, 194, 287, 287, 287, 287, 225, 226,
 8192.0K, 153, 153, 153, 156, 157, 194, 194, 287, 287, 287, 287, 225, 226,
16384.0K, 153, 153, 153, 156, 157, 194, 194, 287, 287, 287, 287, 225, 226,
32768.0K, 153, 153, 153, 156, 157, 194, 194, 287, 287, 287, 287, 225, 226,
BenchMemLat exit code: 0x0100
L1D cacheline size: 64 bytes      [Mode:6 Size:    32K, Stride:   512, #NOP:  0, UnRoll:64]
L2  cacheline size:128 bytes      [Mode:6 Size:  4096K, Stride:   512, #NOP:  0, UnRoll:64]
Mem latency:  93.993ns( 301 clks) [Mode:1 Size: 16384K, Stride:  1024, #NOP:  1, UnRoll:64]
L1D latency:   1.243ns(   4 clks) [Mode:1 Size:    16K, Stride:    64, #NOP:  0, UnRoll:64]
L2  latency:   8.141ns(  26 clks) [Mode:1 Size:  2048K, Stride:   128, #NOP:  6, UnRoll:64]
Running time:    336 seconds.
