Copyright (C) 2003, 2009 Lavalys Consulting Group, Inc. All rights reserved.
everest_bench.dll build: 2.4.257.0 Jan 19 2009 01:57:35
CPUCount: 2, procMask: 0x00000003 Size of Memory: 523824KB Priority:080
CPU#00 Vendor: GenuineIntel CoreType:0x20000651
CPU#00 Family: 6 Modell: 05 Stepping: 1
CPU#00 Features: TSC, FPU, CMOV, MMX, CMPXCHG8B
CPU#00 Frequency:  333.03MHz  OS:5.0.2195 Service Pack 4
CPU#00 AffMask:0x00000001 APIC_ID:0x00000000 Phys_ID:000 Core_ID:00 SMT_ID:00 PhysMask:0x00000001 
CPU#00 L1I cache:    16KB,   32 byte cache line,  4 way, SMask:00000001
CPU#00 L1D cache:    16KB,   32 byte cache line,  4 way, SMask:00000001
CPU#00 L2  cache:   512KB,   32 byte cache line,  4 way, SMask:00000001
CPU#01 Vendor: GenuineIntel CoreType:0x20000651
CPU#01 Family: 6 Modell: 05 Stepping: 1
CPU#01 Features: TSC, FPU, CMOV, MMX, CMPXCHG8B
CPU#01 Frequency:  333.03MHz  OS:5.0.2195 Service Pack 4
CPU#01 AffMask:0x00000002 APIC_ID:0x00000000 Phys_ID:001 Core_ID:00 SMT_ID:00 PhysMask:0x00000002 
CPU#01 L1I cache:    16KB,   32 byte cache line,  4 way, SMask:00000002
CPU#01 L1D cache:    16KB,   32 byte cache line,  4 way, SMask:00000002
CPU#01 L2  cache:   512KB,   32 byte cache line,  4 way, SMask:00000002
CPU#00 AffMask:0x00000001 APIC_ID:0x00000000 Phys_ID:000 Core_ID:00 SMT_ID:00 PhysMask:0x00000001 
CPU#01 AffMask:0x00000002 APIC_ID:0x00000000 Phys_ID:001 Core_ID:00 SMT_ID:00 PhysMask:0x00000002 
Parameters: "-ph -d4094 -l "
Memory Latency ProcMask:0x00000001 #NOP:0
*** Linear Read Latency ***
Stride,     4,   8,  16,  32,  64, 128, 256, 512,  1K,  2K,  4K,  8K, 16K,
   0.25K,   3,   3,   3,   3,   3,   3,
   0.50K,   3,   3,   3,   3,   3,   3,   3,
    1.0K,   3,   3,   3,   3,   3,   3,   3,   3,
    2.0K,   3,   3,   3,   3,   3,   3,   3,   3,   3,
    4.0K,   3,   3,   3,   3,   3,   3,   3,   3,   3,   3,
    8.0K,   3,   3,   3,   3,   3,   3,   3,   3,   3,   3,   3,
   16.0K,   3,   3,   3,   3,   3,   3,   3,   3,   3,   3,   3,   3,
   32.0K,   6,   9,  15,  28,  28,  28,  28,  28,  28,  28,  28,   3,   3,
   64.0K,   6,   9,  15,  28,  28,  28,  28,  28,  28,  28,  28,  28,   3,
  128.0K,   6,   9,  15,  28,  28,  28,  28,  28,  28,  28,  28,  28,  28,
  256.0K,   6,   9,  15,  28,  28,  28,  28,  28,  28,  28,  28,  28,  28,
  512.0K,   6,   9,  15,  28,  28,  28,  29,  29,  29,  30,  32,  32,  32,
 1024.0K,  14,  28,  55,  71,  72,  73,  75,  79,  88, 104, 100,  34,  32,
 2048.0K,  14,  28,  55,  71,  72,  73,  75,  79,  88, 104, 101, 103,  34,
 4096.0K,  14,  28,  55,  72,  72,  73,  75,  79,  88, 104, 100, 100, 100,
 8192.0K,  14,  28,  56,  72,  72,  73,  75,  79,  88, 104, 101, 125, 100,
16384.0K,  14,  28,  56,  72,  72,  73,  75,  80,  88, 104, 142, 142, 142,
*** Backward Read Latency ***
Stride,     4,   8,  16,  32,  64, 128, 256, 512,  1K,  2K,  4K,  8K, 16K,
   0.25K,   3,   3,   3,   3,   3,   3,
   0.50K,   3,   3,   3,   3,   3,   3,   3,
    1.0K,   3,   3,   3,   3,   3,   3,   3,   3,
    2.0K,   3,   3,   3,   3,   3,   3,   3,   3,   3,
    4.0K,   3,   3,   3,   3,   3,   3,   3,   3,   3,   3,
    8.0K,   3,   3,   3,   3,   3,   3,   3,   3,   3,   3,   3,
   16.0K,   3,   3,   3,   3,   3,   3,   3,   3,   3,   3,   3,   3,
   32.0K,   6,   9,  15,  28,  28,  28,  28,  28,  28,  28,  28,   3,   3,
   64.0K,   6,   9,  15,  28,  28,  28,  28,  28,  28,  28,  28,  28,   3,
  128.0K,   6,   9,  15,  28,  28,  28,  28,  28,  28,  28,  28,  28,  28,
  256.0K,   6,   9,  15,  28,  28,  28,  28,  28,  28,  28,  28,  28,  28,
  512.0K,   6,   9,  15,  28,  28,  28,  28,  29,  29,  30,  32,  32,  32,
 1024.0K,  14,  28,  55,  71,  72,  73,  75,  79,  88, 105, 100,  34,  32,
 2048.0K,  14,  28,  55,  72,  72,  73,  75,  80,  88, 104, 100, 101,  34,
 4096.0K,  14,  28,  55,  72,  72,  73,  75,  80,  88, 105, 101, 101, 100,
 8192.0K,  14,  28,  56,  72,  72,  73,  75,  80,  88, 104, 100, 100, 100,
16384.0K,  14,  28,  56,  72,  72,  73,  75,  80,  88, 104, 143, 142, 142,
*** BlockRandom Read Latency ***
Block,      8,  16,  32,  64, 128, 256, 512,  1K,  2K,  4K,  8K, 16K,
   0.25K,   3,
   0.50K,   3,   3,
    1.0K,   3,   3,   3,
    2.0K,   3,   3,   3,   3,
    4.0K,   3,   3,   3,   3,   3,
    8.0K,   3,   3,   3,   3,   3,   3,
   16.0K,   3,   3,   3,   3,   3,   3,   3,
   32.0K,  28,  28,  28,  28,  28,  28,  28,  28,
   64.0K,  28,  28,  28,  28,  28,  28,  28,  28,  28,
  128.0K,  28,  28,  28,  28,  28,  28,  28,  28,  28,  28,
  256.0K,  28,  28,  28,  28,  28,  28,  28,  28,  28,  28,  28,
  512.0K,  28,  28,  28,  28,  28,  28,  28,  28,  28,  28,  28,  30,
 1024.0K,  72,  71,  71,  72,  86,  91,  95,  97,  98,  99,  99, 100,
 2048.0K,  72,  72,  72,  72,  86,  91,  95,  98,  99,  99, 100, 101,
 4096.0K,  72,  72,  72,  72,  86,  91,  95,  98,  99,  99, 100, 100,
 8192.0K,  72,  72,  72,  72,  86,  91,  96,  98,  99,  99,  99, 101,
16384.0K,  72,  72,  72,  72,  86,  91,  96,  98,  99,  99, 100, 101,
*** Random Read Latency ***
Stride,     4,   8,  16,  32,  64, 128, 256, 512,  1K,  2K,  4K,  8K, 16K,
   0.25K,   3,   3,   3,   3,   3,   3,
   0.50K,   3,   3,   3,   3,   3,   3,   3,
    1.0K,   3,   3,   3,   3,   3,   3,   3,   3,
    2.0K,   3,   3,   3,   3,   3,   3,   3,   3,   3,
    4.0K,   3,   3,   3,   3,   3,   3,   3,   3,   3,   3,
    8.0K,   3,   3,   3,   3,   3,   3,   3,   3,   3,   3,   3,
   16.0K,   3,   3,   3,   3,   3,   3,   3,   3,   3,   3,   3,   3,
   32.0K,  16,  18,  20,  28,  28,  28,  28,  28,  28,  28,  28,   3,   3,
   64.0K,  22,  23,  24,  28,  28,  28,  28,  28,  28,  28,  28,  28,   3,
  128.0K,  25,  25,  26,  28,  28,  28,  28,  28,  28,  28,  28,  28,  28,
  256.0K,  27,  27,  27,  28,  28,  28,  28,  28,  28,  28,  28,  28,  28,
  512.0K,  29,  30,  30,  30,  30,  30,  31,  31,  31,  31,  32,  32,  32,
 1024.0K,  65,  68,  77, 101, 101, 101, 101, 101, 101, 102, 102,  34,  33,
 2048.0K,  84,  86,  90, 101, 101, 102, 102, 101, 101, 101, 101, 101,  34,
 4096.0K,  93,  95,  97, 102, 103, 103, 102, 102, 102, 102, 101, 142, 101,
 8192.0K, 102, 103, 104, 106, 106, 105, 104, 103, 103, 103, 103, 103, 102,
16384.0K, 108, 109, 109, 110, 108, 107, 106, 106, 105, 105, 105, 147, 149,
*** CacheLine Forward Read Latency ***
Distance,   8,  16,  24,  32,  48,  64,  96, 128, 160, 192, 224, 256, 288,
    8.0K,   3,   3,   3,   3,   3,   3,   3,   3,   3,   3,   3,
   16.0K,   3,   3,   3,   3,   3,   3,   3,   3,   3,   3,   3,   3,
   32.0K,  15,  15,  15,  28,  28,  28,  28,  28,  28,  28,  28,  28,  28,
   64.0K,  15,  15,  15,  28,  28,  28,  28,  28,  28,  28,  28,  28,  28,
  128.0K,  15,  15,  15,  28,  28,  28,  28,  28,  28,  28,  28,  28,  28,
  256.0K,  15,  15,  15,  28,  28,  28,  28,  28,  28,  28,  28,  28,  28,
  512.0K,  16,  16,  16,  29,  29,  29,  29,  29,  29,  29,  29,  29,  29,
 1024.0K,  45,  45,  45,  95,  95,  95,  95,  95,  95,  95,  95,  95,  95,
 2048.0K,  45,  45,  45,  95,  95,  95,  95,  95,  95,  95,  95,  95,  95,
 4096.0K,  45,  45,  45,  95,  95,  95,  95,  95,  95,  95,  95,  95,  95,
 8192.0K,  45,  45,  45,  95,  95,  95,  95,  95,  95,  95,  95,  95,  95,
16384.0K,  45,  45,  45,  95,  95,  95,  95,  95,  95,  95,  95,  95,  95,
*** CacheLine Backward Read Latency ***
Distance,   8,  16,  24,  32,  48,  64,  96, 128, 160, 192, 224, 256, 288,
    8.0K,   3,   3,   3,   3,   3,   3,   3,   3,   3,   3,   3,
   16.0K,   3,   3,   3,   3,   3,   3,   3,   3,   3,   3,   3,   3,
   32.0K,  15,  15,  15,  28,  28,  28,  28,  28,  28,  28,  28,  28,  28,
   64.0K,  15,  15,  15,  28,  28,  28,  28,  28,  28,  28,  28,  28,  28,
  128.0K,  15,  15,  15,  28,  28,  28,  28,  28,  28,  28,  28,  28,  28,
  256.0K,  15,  15,  15,  28,  28,  28,  28,  28,  28,  28,  28,  28,  28,
  512.0K,  16,  16,  16,  29,  29,  29,  29,  29,  29,  29,  29,  29,  29,
 1024.0K,  45,  45,  45,  95,  95,  95,  95,  95,  95,  95,  95,  95,  95,
 2048.0K,  45,  45,  45,  95,  95,  95,  95,  95,  95,  95,  95,  95,  95,
 4096.0K,  45,  45,  45,  95,  95,  95,  95,  95,  95,  95,  95,  95,  95,
 8192.0K,  45,  45,  45,  95,  95,  95,  95,  95,  95,  95,  95,  95,  95,
16384.0K,  45,  45,  45,  95,  95,  95,  95,  95,  95,  95,  95,  95,  95,
BenchMemLat exit code: 0x0100
L1D cacheline size: 32 bytes      [Mode:6 Size:    32K, Stride:   512, #NOP:  0, UnRoll:64]
L2  cacheline size: 32 bytes      [Mode:6 Size:  1024K, Stride:   512, #NOP:  0, UnRoll:64]
Mem latency: 249.075ns(  83 clks) [Mode:1 Size: 16384K, Stride:  1024, #NOP:110, UnRoll:64]
L1D latency:   8.925ns(   3 clks) [Mode:1 Size:    16K, Stride:    32, #NOP:  0, UnRoll:64]
L2  latency:  81.951ns(  27 clks) [Mode:1 Size:   512K, Stride:    32, #NOP:  9, UnRoll:64]
Running time:    859 seconds.
