Copyright (C) 2003, 2009 Lavalys Consulting Group, Inc. All rights reserved.
everest_bench.dll build: 2.4.257.0 Jan 19 2009 01:57:35
CPUCount: 2, procMask: 0x00000003 Size of Memory: 523756KB Priority:080
CPU#00 Vendor: GenuineIntel CoreType:0x20000f29
CPU#00 Family: f Modell: 02 Stepping: 9 Type: "              Intel(R) Pentium(R) 4 CPU 2.80GHz"
CPU#00 Features: TSC, FPU, CMOV, MMX, SSE, SSE2, CMPXCHG8B, HTT
CPU#00 Frequency: 2839.58MHz  OS:5.1.2600 Service Pack 2
CPU#00 AffMask:0x00000001 APIC_ID:0x00000000 Phys_ID:000 Core_ID:00 SMT_ID:00 PhysMask:0x00000003 
CPU#00 L1I cache:    12K uops trace,              8 way, SMask:00000003
CPU#00 L1D cache:     8KB,   64 byte cache line,  4 way, SMask:00000003
CPU#00 L2  cache:   512KB,   64 byte cache line,  8 way, SMask:00000003
CPU#01 Vendor: GenuineIntel CoreType:0x20000f29
CPU#01 Family: f Modell: 02 Stepping: 9 Type: "              Intel(R) Pentium(R) 4 CPU 2.80GHz"
CPU#01 Features: TSC, FPU, CMOV, MMX, SSE, SSE2, CMPXCHG8B, HTT
CPU#01 Frequency: 2839.61MHz  OS:5.1.2600 Service Pack 2
CPU#01 AffMask:0x00000002 APIC_ID:0x00000001 Phys_ID:000 Core_ID:00 SMT_ID:01 PhysMask:0x00000003 
CPU#01 L1I cache:    12K uops trace,              8 way, SMask:00000003
CPU#01 L1D cache:     8KB,   64 byte cache line,  4 way, SMask:00000003
CPU#01 L2  cache:   512KB,   64 byte cache line,  8 way, SMask:00000003
CPU#00 AffMask:0x00000001 APIC_ID:0x00000000 Phys_ID:000 Core_ID:00 SMT_ID:00 PhysMask:0x00000003 
CPU#01 AffMask:0x00000002 APIC_ID:0x00000001 Phys_ID:000 Core_ID:00 SMT_ID:01 PhysMask:0x00000003 
Parameters: "-ph -d4094 -l "
Memory Latency ProcMask:0x00000001 #NOP:0
*** Linear Read Latency ***
Stride,     4,   8,  16,  32,  64, 128, 256, 512,  1K,  2K,  4K,  8K, 16K,
   0.25K,   1,   1,   1,   1,   1,   1,
   0.50K,   2,   2,   2,   2,   2,   2,   2,
    1.0K,   2,   2,   2,   2,   2,   2,   2,   2,
    2.0K,   2,   2,   2,   2,   2,   2,   2,   2,   2,
    4.0K,   2,   2,   2,   2,   2,   2,   2,   2,   2,   2,
    8.0K,   2,   2,   2,   2,   2,   2,   2,   2,   2,   2,   2,
   16.0K,   2,   3,   4,  10,  18,  18,  18,  19,  19,  20,   2,   2,
   32.0K,   2,   3,   4,  11,  18,  18,  19,  19,  19,  19,  19,   2,   2,
   64.0K,   2,   3,   4,  11,  18,  18,  19,  18,  19,  19,  19,  19,   2,
  128.0K,   2,   3,   4,  11,  18,  18,  19,  18,  19,  19,  19,  19,  18,
  256.0K,   2,   3,   4,  11,  18,  18,  18,  18,  19,  19,  19,  19,  18,
  512.0K,   3,   3,   6,  12,  19,  22,  22,  26,  30,  37,  55,  28,  21,
 1024.0K,   6,  11,  21,  40,  76, 330, 322, 334, 335, 388, 355,  56,  30,
 2048.0K,   6,  11,  21,  40,  79, 291, 322, 333, 336, 342, 354, 352,  52,
 4096.0K,   6,  11,  21,  40,  88, 353, 281, 301, 316, 343, 392, 391, 349,
 8192.0K,   6,  11,  22,  40,  83, 291, 321, 311, 322, 342, 428, 397, 395,
16384.0K,   6,  11,  21,  40,  80, 299, 294, 302, 321, 345, 358, 358, 465,
*** Backward Read Latency ***
Stride,     4,   8,  16,  32,  64, 128, 256, 512,  1K,  2K,  4K,  8K, 16K,
   0.25K,   1,   1,   1,   1,   1,   1,
   0.50K,   2,   2,   2,   2,   2,   2,   2,
    1.0K,   2,   2,   2,   2,   2,   2,   2,   2,
    2.0K,   2,   2,   2,   2,   2,   2,   2,   2,   2,
    4.0K,   2,   2,   2,   2,   2,   2,   2,   2,   2,   2,
    8.0K,   3,   2,   2,   2,   3,   3,   2,   2,   2,   2,   2,
   16.0K,   3,   3,   7,  14,  18,  18,  19,  19,  19,  20,   2,   2,
   32.0K,   3,   3,   8,  16,  18,  18,  19,  19,  19,  19,  19,   2,   2,
   64.0K,   3,   4,   9,  18,  18,  18,  18,  18,  19,  19,  19,  19,   2,
  128.0K,   3,   4,   9,  18,  18,  18,  18,  18,  19,  19,  19,  19,  18,
  256.0K,   3,   4,   9,  18,  18,  18,  18,  18,  19,  19,  19,  19,  18,
  512.0K,   3,   4,   9,  18,  20,  21,  21,  25,  28,  37,  56,  28,  21,
 1024.0K,   6,  11,  21,  42,  79, 291, 282, 300, 312, 335, 343,  56,  28,
 2048.0K,   7,  12,  22,  42,  78, 291, 280, 310, 336, 339, 348, 348,  53,
 4096.0K,   7,  11,  22,  42,  86, 330, 281, 300, 315, 389, 395, 394, 375,
 8192.0K,   7,  11,  22,  43,  80, 299, 280, 329, 337, 335, 462, 375, 393,
16384.0K,   6,  11,  22,  43,  82, 304, 282, 302, 313, 335, 357, 388, 384,
*** BlockRandom Read Latency ***
Block,      8,  16,  32,  64, 128, 256, 512,  1K,  2K,  4K,  8K, 16K,
   0.50K,   2,
    1.0K,   2,   2,
    2.0K,   2,   2,   2,
    4.0K,   2,   2,   2,   2,
    8.0K,   5,   5,   3,   2,   3,
   16.0K,  19,  18,  18,  18,  18,  18,
   32.0K,  19,  18,  18,  18,  18,  18,  18,
   64.0K,  18,  18,  18,  18,  18,  18,  18,  18,
  128.0K,  18,  18,  18,  18,  18,  18,  18,  18,  19,
  256.0K,  18,  18,  18,  18,  18,  18,  18,  18,  19,  19,
  512.0K,  20,  20,  20,  20,  20,  20,  20,  20,  21,  32,  46,
 1024.0K,  93, 143, 159, 173, 172, 172, 173, 176, 177, 178, 281, 260,
 2048.0K, 102, 151, 169, 161, 158, 157, 165, 172, 173, 174, 206, 275,
 4096.0K, 101, 151, 160, 153, 172, 172, 166, 173, 173, 190, 200, 275,
 8192.0K, 102, 135, 169, 154, 169, 171, 172, 173, 173, 174, 206, 275,
16384.0K,  99, 144, 151, 154, 156, 158, 166, 176, 173, 174, 201, 276,
*** Random Read Latency ***
Stride,     4,   8,  16,  32,  64, 128, 256, 512,  1K,  2K,  4K,  8K, 16K,
   0.25K,   1,   1,   1,   1,   1,   1,
   0.50K,   2,   2,   2,   2,   2,   2,   2,
    1.0K,   2,   2,   2,   2,   2,   2,   2,   2,
    2.0K,   2,   2,   2,   2,   2,   2,   2,   2,   2,
    4.0K,   2,   2,   2,   2,   2,   2,   2,   2,   2,   2,
    8.0K,   2,   2,   2,   2,   3,   2,   2,   2,   2,   2,   2,
   16.0K,  14,  14,  14,  16,  18,  19,  19,  19,  20,  20,   2,   2,
   32.0K,  17,  17,  18,  18,  18,  18,  18,  21,  20,  19,  19,   2,   2,
   64.0K,  18,  18,  18,  18,  18,  18,  18,  19,  19,  19,  19,  19,   2,
  128.0K,  18,  18,  18,  18,  19,  19,  41,  41,  42,  20,  22,  24,  25,
  256.0K,  18,  18,  18,  19,  19,  19,  19,  20,  20,  19,  22,  24,  24,
  512.0K,  40,  40,  40,  43,  45,  43,  42,  44,  44,  48,  55,  29,  27,
 1024.0K, 202, 205, 218, 224, 260, 349, 349, 349, 350, 350, 354,  55,  29,
 2048.0K, 281, 283, 287, 296, 313, 353, 372, 400, 395, 424, 395, 393,  54,
 4096.0K, 324, 359, 328, 348, 341, 357, 356, 354, 375, 376, 378, 454, 398,
 8192.0K, 348, 348, 350, 352, 356, 361, 396, 356, 357, 357, 464, 380, 465,
16384.0K, 373, 362, 362, 363, 365, 380, 363, 364, 364, 384, 407, 385, 389,
*** CacheLine Forward Read Latency ***
Distance,   8,  16,  24,  32,  48,  64,  96, 128, 160, 192, 224, 256, 288,
    8.0K,   2,   2,   2,   2,   2,   2,   2,   2,   2,   2,   2,
   16.0K,  11,  11,  11,  11,  11,  20,  20,  20,  20,  20,  20,  20,
   32.0K,  12,  12,  12,  12,  12,  16,  20,  20,  20,  20,  20,  20,  20,
   64.0K,  12,  12,  12,  12,  12,  20,  20,  20,  20,  20,  20,  20,  20,
  128.0K,  13,  13,  13,  13,  13,  20,  20,  20,  20,  20,  20,  20,  20,
  256.0K,  13,  13,  13,  13,  13,  20,  20,  20,  20,  20,  20,  20,  20,
  512.0K,  19,  19,  19,  19,  20,  25,  25,  26,  26,  26,  26,  25,  26,
 1024.0K, 171, 170, 171, 171, 173, 196, 198, 302, 344, 344, 344, 344, 344,
 2048.0K, 187, 187, 187, 194, 194, 211, 218, 303, 303, 303, 303, 303, 344,
 4096.0K, 187, 187, 188, 194, 193, 197, 199, 303, 304, 345, 345, 344, 351,
 8192.0K, 172, 172, 187, 188, 190, 197, 199, 303, 303, 344, 303, 303, 303,
16384.0K, 187, 168, 172, 188, 173, 193, 218, 300, 305, 299, 344, 300, 301,
*** CacheLine Backward Read Latency ***
Distance,   8,  16,  24,  32,  48,  64,  96, 128, 160, 192, 224, 256, 288,
    8.0K,   2,   2,   2,   2,   2,   2,   2,   2,   2,   2,   2,
   16.0K,  11,  11,  11,  11,  11,  20,  20,  46,  20,  20,  20,  20,
   32.0K,  12,  12,  12,  12,  12,  20,  20,  20,  20,  20,  20,  20,  20,
   64.0K,  12,  12,  12,  12,  12,  20,  20,  20,  20,  20,  20,  20,  20,
  128.0K,  13,  13,  13,  13,  13,  20,  20,  56,  20,  20,  20,  20,  20,
  256.0K,  13,  13,  13,  13,  13,  20,  20,  20,  20,  20,  20,  20,  20,
  512.0K,  26,  26,  21,  25,  27,  25,  25,  25,  25,  26,  26,  26,  25,
 1024.0K, 189, 189, 189, 191, 236, 249, 250, 303, 303, 354, 353, 352, 354,
 2048.0K, 184, 184, 184, 187, 192, 212, 219, 344, 354, 355, 303, 304, 304,
 4096.0K, 171, 171, 185, 188, 189, 212, 219, 354, 304, 304, 304, 344, 344,
 8192.0K, 190, 171, 172, 235, 192, 212, 219, 304, 304, 344, 341, 304, 344,
16384.0K, 185, 172, 168, 183, 170, 197, 219, 345, 304, 305, 341, 304, 345,
BenchMemLat exit code: 0x0100
L1D cacheline size: 64 bytes      [Mode:6 Size:    16K, Stride:   512, #NOP:  0, UnRoll:32]
L2  cacheline size:128 bytes      [Mode:6 Size:  1024K, Stride:   512, #NOP:  0, UnRoll:64]
Mem latency: 111.219ns( 316 clks) [Mode:1 Size: 16384K, Stride:  1024, #NOP:  0, UnRoll:64]
L1D latency:   0.680ns(   2 clks) [Mode:1 Size:     4K, Stride:    64, #NOP:  0, UnRoll:64]
L2  latency:   8.333ns(  24 clks) [Mode:1 Size:   512K, Stride:   128, #NOP: 22, UnRoll:64]
Running time:    157 seconds.
