Copyright (C) 2003, 2009 Lavalys Consulting Group, Inc. All rights reserved.
everest_bench.dll build: 2.4.257.0 Jan 19 2009 01:57:35
CPUCount: 2, procMask: 0x00000003 Size of Memory: 1039596KB Priority:080
CPU#00 Vendor: GenuineIntel CoreType:0x200006e4
CPU#00 Family: 6 Model: 0e Stepping: 4 Type: "Intel(R) Pentium(R) M CPU        000  @ 2.00GHz"
CPU#00 Features: TSC, FPU, CMOV, MMX, SSE, SSE2, SSE3, CMPXCHG8B, HTT
CPU#00 Frequency: 2000.00MHz  OS:5.1.2600 Service Pack 3
CPU#00 AffMask:0x00000001 APIC_ID:0x00000000 Phys_ID:000 Core_ID:00 SMT_ID:00 PhysMask:0x00000003 
CPU#00 L1I cache:    32KB,   64 byte cache line,  8 way, SMask:00000001
CPU#00 L1D cache:    32KB,   64 byte cache line,  8 way, SMask:00000001
CPU#00 L2  cache:  2048KB,   64 byte cache line,  8 way, SMask:00000003
CPU#01 Vendor: GenuineIntel CoreType:0x200006e4
CPU#01 Family: 6 Model: 0e Stepping: 4 Type: "Intel(R) Pentium(R) M CPU        000  @ 2.00GHz"
CPU#01 Features: TSC, FPU, CMOV, MMX, SSE, SSE2, SSE3, CMPXCHG8B, HTT
CPU#01 Frequency: 2000.03MHz  OS:5.1.2600 Service Pack 3
CPU#01 AffMask:0x00000002 APIC_ID:0x00000001 Phys_ID:000 Core_ID:00 SMT_ID:01 PhysMask:0x00000003 
CPU#01 L1I cache:    32KB,   64 byte cache line,  8 way, SMask:00000002
CPU#01 L1D cache:    32KB,   64 byte cache line,  8 way, SMask:00000002
CPU#01 L2  cache:  2048KB,   64 byte cache line,  8 way, SMask:00000003
CPU#00 AffMask:0x00000001 APIC_ID:0x00000000 Phys_ID:000 Core_ID:00 SMT_ID:00 PhysMask:0x00000003 
CPU#01 AffMask:0x00000002 APIC_ID:0x00000001 Phys_ID:000 Core_ID:00 SMT_ID:01 PhysMask:0x00000003 
Parameters: "-ph -d4094 -l "
Memory Latency ProcMask:0x00000001 #NOP:0
*** Linear Read Latency ***
Stride,     4,   8,  16,  32,  64, 128, 256, 512,  1K,  2K,  4K,  8K, 16K,
   0.25K,   3,   3,   3,   3,   3,   3,
   0.50K,   3,   3,   3,   3,   3,   3,   3,
    1.0K,   3,   3,   3,   3,   3,   3,   3,   3,
    2.0K,   3,   3,   3,   3,   3,   3,   3,   3,   3,
    4.0K,   3,   3,   3,   3,   3,   3,   3,   3,   3,   3,
    8.0K,   3,   3,   3,   3,   3,   3,   3,   3,   3,   3,   3,
   16.0K,   3,   3,   3,   3,   3,   3,   3,   3,   3,   3,   3,   3,
   32.0K,   3,   3,   3,   3,   3,   3,   3,   3,   3,   3,   3,   3,   3,
   64.0K,   3,   3,   5,  11,  14,  14,  14,  14,  14,  14,  14,   3,   3,
  128.0K,   3,   3,   5,  11,  14,  14,  14,  14,  14,  14,  14,  14,   3,
  256.0K,   3,   3,   5,  11,  14,  14,  14,  14,  14,  14,  14,  14,  14,
  512.0K,   3,   3,   5,  11,  14,  14,  14,  14,  14,  14,  14,  14,  14,
 1024.0K,   3,   3,   5,  11,  14,  14,  14,  15,  15,  17,  19,  19,  19,
 2048.0K,   4,   4,   7,  13,  23,  17,  18,  18,  19,  19,  23,  19,  19,
 4096.0K,   4,   6,  12,  25,  48, 193, 194, 198, 205, 220, 245,  27,  19,
 8192.0K,   4,   6,  12,  25,  49, 194, 195, 199, 204, 218, 247, 246,  35,
16384.0K,   4,   6,  12,  25,  49, 194, 195, 198, 206, 220, 305, 247, 248,
32768.0K,   4,   6,  12,  25,  49, 194, 196, 199, 206, 220, 248, 303, 254,
*** Backward Read Latency ***
Stride,     4,   8,  16,  32,  64, 128, 256, 512,  1K,  2K,  4K,  8K, 16K,
   0.25K,   3,   3,   3,   3,   3,   3,
   0.50K,   3,   3,   3,   3,   3,   3,   3,
    1.0K,   3,   3,   3,   3,   3,   3,   3,   3,
    2.0K,   3,   3,   3,   3,   3,   3,   3,   3,   3,
    4.0K,   3,   3,   3,   3,   3,   3,   3,   3,   3,   3,
    8.0K,   3,   3,   3,   3,   3,   3,   3,   3,   3,   3,   3,
   16.0K,   3,   3,   3,   3,   3,   3,   3,   3,   3,   3,   3,   3,
   32.0K,   3,   3,   3,   3,   3,   3,   3,   3,   3,   3,   3,   3,   3,
   64.0K,   4,   4,   6,  11,  14,  14,  14,  14,  14,  14,  14,   3,   3,
  128.0K,   4,   4,   6,  11,  14,  14,  14,  14,  14,  14,  14,  14,   3,
  256.0K,   4,   4,   6,  11,  14,  14,  14,  14,  14,  14,  14,  14,  14,
  512.0K,   4,   4,   6,  11,  14,  14,  14,  14,  14,  14,  14,  14,  14,
 1024.0K,   4,   4,   6,  11,  14,  14,  14,  15,  15,  17,  19,  19,  19,
 2048.0K,   4,   6,   7,  15,  24,  17,  18,  18,  19,  20,  23,  19,  19,
 4096.0K,   4,   7,  13,  25,  49, 194, 195, 198, 206, 220, 246,  27,  19,
 8192.0K,   4,   7,  13,  25,  49, 194, 195, 199, 204, 220, 246, 306,  35,
16384.0K,   4,   7,  13,  25,  49, 194, 195, 198, 204, 218, 245, 247, 306,
32768.0K,   4,   7,  13,  25,  49, 194, 195, 199, 205, 220, 247, 272, 253,
*** BlockRandom Read Latency ***
Block,      8,  16,  32,  64, 128, 256, 512,  1K,  2K,  4K,  8K, 16K,
   0.50K,   3,
    1.0K,   3,   3,
    2.0K,   3,   3,   3,
    4.0K,   3,   3,   3,   3,
    8.0K,   3,   3,   3,   3,   3,
   16.0K,   3,   3,   3,   3,   3,   3,
   32.0K,   3,   3,   3,   3,   3,   3,   3,
   64.0K,  14,  14,  14,  14,  14,  14,  14,  14,
  128.0K,  14,  14,  14,  14,  14,  14,  14,  14,  14,
  256.0K,  14,  14,  14,  14,  14,  14,  14,  14,  14,  14,
  512.0K,  14,  14,  14,  14,  14,  14,  14,  14,  14,  14,  14,
 1024.0K,  14,  14,  14,  14,  14,  14,  14,  14,  14,  14,  14,  17,
 2048.0K,  15,  15,  15,  15,  15,  15,  16,  16,  16,  16,  16,  18,
 4096.0K,  66,  80,  92, 100, 104, 110, 117, 122, 126, 128, 129, 131,
 8192.0K,  65,  80,  93, 100, 105, 112, 119, 122, 126, 128, 129, 131,
16384.0K,  65,  80,  93, 101, 104, 110, 118, 122, 126, 128, 129, 131,
32768.0K,  65,  80,  93, 101, 105, 110, 118, 123, 126, 128, 129, 131,
*** Random Read Latency ***
Stride,     4,   8,  16,  32,  64, 128, 256, 512,  1K,  2K,  4K,  8K, 16K,
   0.25K,   3,   3,   3,   3,   3,   3,
   0.50K,   3,   3,   3,   3,   3,   3,   3,
    1.0K,   3,   3,   3,   3,   3,   3,   3,   3,
    2.0K,   3,   3,   3,   3,   3,   3,   3,   3,   3,
    4.0K,   3,   3,   3,   3,   3,   3,   3,   3,   3,   3,
    8.0K,   3,   3,   3,   3,   3,   3,   3,   3,   3,   3,   3,
   16.0K,   3,   3,   3,   3,   3,   3,   3,   3,   3,   3,   3,   3,
   32.0K,   3,   3,   3,   3,   3,   3,   3,   3,   3,   3,   3,   3,   3,
   64.0K,   9,   9,  10,  11,  14,  14,  14,  14,  14,  14,  14,   3,   3,
  128.0K,  11,  12,  12,  13,  14,  14,  14,  14,  14,  14,  14,  14,   3,
  256.0K,  13,  13,  13,  13,  14,  14,  14,  14,  14,  14,  14,  14,  14,
  512.0K,  13,  13,  13,  14,  14,  14,  14,  14,  14,  14,  14,  14,  14,
 1024.0K,  16,  16,  16,  16,  17,  17,  17,  17,  17,  18,  19,  19,  19,
 2048.0K,  18,  18,  19,  20,  19,  21,  21,  21,  21,  21,  21,  19,  19,
 4096.0K, 137, 139, 144, 154, 171, 247, 247, 246, 246, 246, 246,  24,  20,
 8192.0K, 196, 198, 200, 206, 219, 250, 248, 247, 247, 247, 247, 247,  34,
16384.0K, 228, 228, 230, 233, 239, 251, 249, 248, 247, 248, 248, 306, 247,
32768.0K, 244, 244, 245, 247, 250, 255, 255, 256, 257, 257, 256, 311, 256,
*** CacheLine Forward Read Latency ***
Distance,   8,  16,  24,  32,  48,  64,  96, 128, 160, 192, 224, 256, 288,
    8.0K,   3,   3,   3,   3,   3,   3,   3,   3,   3,   3,   3,
   16.0K,   3,   3,   3,   3,   3,   3,   3,   3,   3,   3,   3,   3,
   32.0K,   3,   3,   3,   3,   3,   3,   3,   3,   3,   3,   3,   3,   3,
   64.0K,   9,   9,   9,   9,   9,  15,  15,  15,  15,  15,  15,  15,  15,
  128.0K,   9,   9,   9,   9,   9,  15,  15,  14,  15,  15,  15,  15,  15,
  256.0K,   9,   9,   9,   9,   9,  15,  15,  15,  15,  15,  15,  15,  15,
  512.0K,   9,   9,   9,   9,   9,  15,  15,  15,  15,  15,  15,  15,  15,
 1024.0K,   9,   9,   9,   9,   9,  15,  15,  15,  15,  15,  15,  15,  15,
 2048.0K,  11,  11,  11,  11,  11,  17,  17,  19,  19,  19,  18,  18,  19,
 4096.0K,  95,  96,  95,  96, 102, 124, 124, 190, 191, 190, 190, 190, 190,
 8192.0K,  96,  96,  96,  96, 101, 132, 131, 191, 192, 191, 191, 191, 191,
16384.0K,  96,  96,  96,  96, 102, 131, 135, 192, 192, 191, 191, 191, 192,
32768.0K,  96,  96,  96,  96, 102, 134, 135, 191, 191, 191, 191, 191, 191,
*** CacheLine Backward Read Latency ***
Distance,   8,  16,  24,  32,  48,  64,  96, 128, 160, 192, 224, 256, 288,
    8.0K,   3,   3,   3,   3,   3,   3,   3,   3,   3,   3,   3,
   16.0K,   3,   3,   3,   3,   3,   3,   3,   3,   3,   3,   3,   3,
   32.0K,   3,   3,   3,   3,   3,   3,   3,   3,   3,   3,   3,   3,   3,
   64.0K,   9,   9,   9,   9,   9,  15,  15,  15,  15,  15,  15,  15,  15,
  128.0K,   9,   9,   9,   9,   9,  15,  15,  15,  15,  15,  15,  15,  15,
  256.0K,   9,   9,   9,   9,   9,  15,  15,  15,  15,  15,  15,  15,  15,
  512.0K,   9,   9,   9,   9,   9,  15,  15,  15,  15,  15,  15,  15,  15,
 1024.0K,   9,   9,   9,   9,   9,  15,  15,  15,  15,  15,  15,  15,  15,
 2048.0K,  11,  11,  11,  11,  11,  17,  17,  18,  19,  18,  19,  19,  19,
 4096.0K,  96,  95,  96,  96, 102, 121, 121, 191, 191, 190, 191, 190, 190,
 8192.0K,  96,  96,  97,  96, 101, 124, 123, 190, 192, 191, 191, 191, 191,
16384.0K,  96,  96,  96,  96, 102, 124, 124, 191, 191, 191, 191, 191, 192,
32768.0K,  96,  96,  96,  97, 101, 124, 124, 191, 191, 191, 191, 192, 192,
BenchMemLat exit code: 0x0100
L1D cacheline size: 64 bytes      [Mode:6 Size:    64K, Stride:   512, #NOP:  0, UnRoll:64]
L2  cacheline size:128 bytes      [Mode:6 Size:  4096K, Stride:   512, #NOP:  0, UnRoll:64]
Mem latency:  98.855ns( 198 clks) [Mode:1 Size: 16384K, Stride:  1024, #NOP: 35, UnRoll:64]
L1D latency:   1.491ns(   3 clks) [Mode:1 Size:    32K, Stride:    64, #NOP:  0, UnRoll:64]
L2  latency:   9.054ns(  18 clks) [Mode:1 Size:  2048K, Stride:   128, #NOP: 35, UnRoll:64]
Running time:    363 seconds.
