Copyright (C) 2003, 2009 Lavalys Consulting Group, Inc. All rights reserved.
everest_bench.dll build: 2.4.257.0 Jan 19 2009 01:57:35
CPUCount: 2, procMask: 0x00000003 Size of Memory: 1046516KB Priority:080
CPU#00 Vendor: GenuineIntel CoreType:0x20000f43
CPU#00 Family: f Modell: 04 Stepping: 3 Type: "              Intel(R) Pentium(R) 4 CPU 3.73GHz"
CPU#00 Features: TSC, FPU, CMOV, MMX, SSE, SSE2, SSE3, CMPXCHG8B, HTT
CPU#00 Frequency: 3723.79MHz  OS:5.1.2600 Service Pack 2
CPU#00 AffMask:0x00000001 APIC_ID:0x00000000 Phys_ID:000 Core_ID:00 SMT_ID:00 PhysMask:0x00000003 
CPU#00 L1I cache:    12K uops trace,              8 way, SMask:00000003
CPU#00 L1D cache:    16KB,   64 byte cache line,  8 way, SMask:00000003
CPU#00 L2  cache:  2048KB,   64 byte cache line,  8 way, SMask:00000003
CPU#01 Vendor: GenuineIntel CoreType:0x20000f43
CPU#01 Family: f Modell: 04 Stepping: 3 Type: "              Intel(R) Pentium(R) 4 CPU 3.73GHz"
CPU#01 Features: TSC, FPU, CMOV, MMX, SSE, SSE2, SSE3, CMPXCHG8B, HTT
CPU#01 Frequency: 3723.79MHz  OS:5.1.2600 Service Pack 2
CPU#01 AffMask:0x00000002 APIC_ID:0x00000001 Phys_ID:000 Core_ID:00 SMT_ID:01 PhysMask:0x00000003 
CPU#01 L1I cache:    12K uops trace,              8 way, SMask:00000003
CPU#01 L1D cache:    16KB,   64 byte cache line,  8 way, SMask:00000003
CPU#01 L2  cache:  2048KB,   64 byte cache line,  8 way, SMask:00000003
CPU#00 AffMask:0x00000001 APIC_ID:0x00000000 Phys_ID:000 Core_ID:00 SMT_ID:00 PhysMask:0x00000003 
CPU#01 AffMask:0x00000002 APIC_ID:0x00000001 Phys_ID:000 Core_ID:00 SMT_ID:01 PhysMask:0x00000003 
Parameters: "-ph -d4094 -l "
Memory Latency ProcMask:0x00000001 #NOP:0
*** Linear Read Latency ***
Stride,     4,   8,  16,  32,  64, 128, 256, 512,  1K,  2K,  4K,  8K, 16K,
   0.25K,   3,   3,   3,   3,   3,   5,
   0.50K,   5,   3,   3,   4,   3,   6,   5,
    1.0K,   4,   4,   4,   4,   4,   4,   4,   4,
    2.0K,   4,   4,   4,   4,   4,   4,   4,   4,   4,
    4.0K,   4,   4,   4,   4,   4,   4,   4,   4,   4,   4,
    8.0K,   4,   4,   4,   4,   4,   4,   4,   4,   4,   4,   4,
   16.0K,   4,   4,   4,   4,   4,   4,   4,   4,   4,   4,   4,   4,
   32.0K,   6,   8,  10,  19,  28,  28,  30,  28,  28,  28,   4,   4,   4,
   64.0K,   6,   8,  10,  19,  27,  30,  28,  28,  28,  28,  28,   4,   4,
  128.0K,   6,   8,  10,  21,  27,  28,  29,  28,  28,  28,  28,  25,   4,
  256.0K,   6,   8,  10,  21,  28,  28,  28,  28,  28,  28,  28,  28,  28,
  512.0K,   6,   8,  11,  20,  29,  30,  31,  33,  38,  47,  65,  28,  28,
 1024.0K,   6,   8,  11,  21,  29,  30,  31,  33,  38,  47,  65,  65,  28,
 2048.0K,   6,   8,  11,  21,  30,  32,  36,  38,  43,  52,  71,  65,  65,
 4096.0K,   6,   9,  14,  25,  43, 119, 289, 312, 323, 342, 390,  71,  61,
 8192.0K,   6,   9,  14,  25,  43, 118, 289, 310, 321, 346, 391, 387,  83,
16384.0K,   6,   9,  14,  25,  43, 117, 289, 311, 322, 346, 393, 395, 493,
32768.0K,   6,   9,  14,  25,  43, 117, 290, 312, 322, 347, 394, 395, 404,
*** Backward Read Latency ***
Stride,     4,   8,  16,  32,  64, 128, 256, 512,  1K,  2K,  4K,  8K, 16K,
   0.25K,   4,   3,   3,   3,   3,   6,
   0.50K,   3,   3,   4,   3,   3,   5,   5,
    1.0K,   4,   4,   4,   4,   4,   4,   4,   4,
    2.0K,   4,   4,   4,   4,   4,   4,   4,   4,   4,
    4.0K,   4,   4,   4,   4,   4,   4,   4,   4,   4,   4,
    8.0K,   4,   4,   4,   4,   4,   4,   4,   4,   4,   4,   4,
   16.0K,   4,   4,   4,   4,   4,   4,   4,   4,   4,   4,   4,   4,
   32.0K,   6,   8,  11,  18,  28,  31,  28,  32,  28,  28,   4,   4,   4,
   64.0K,   6,   8,  11,  20,  28,  28,  28,  28,  28,  24,  28,   4,   4,
  128.0K,   6,   8,  10,  21,  28,  28,  28,  30,  26,  28,  28,  28,   4,
  256.0K,   6,   8,  10,  20,  28,  29,  29,  28,  28,  28,  28,  28,  28,
  512.0K,   6,   8,  11,  20,  29,  30,  31,  33,  38,  47,  65,  28,  28,
 1024.0K,   6,   8,  11,  21,  29,  30,  31,  33,  38,  47,  65,  65,  28,
 2048.0K,   6,   8,  11,  21,  30,  31,  36,  38,  43,  52,  70,  65,  65,
 4096.0K,   6,   9,  14,  25,  43, 131, 302, 307, 322, 356, 390,  74,  61,
 8192.0K,   6,   9,  14,  25,  43, 131, 301, 307, 320, 353, 388, 491,  84,
16384.0K,   6,   9,  14,  25,  43, 131, 302, 306, 322, 353, 489, 400, 409,
32768.0K,   6,   9,  14,  25,  43, 131, 302, 305, 320, 349, 396, 400, 409,
*** BlockRandom Read Latency ***
Block,      8,  16,  32,  64, 128, 256, 512,  1K,  2K,  4K,  8K, 16K,
   0.50K,   3,
    1.0K,   4,   4,
    2.0K,   4,   4,   4,
    4.0K,   4,   4,   4,   4,
    8.0K,   4,   4,   4,   4,   4,
   16.0K,   4,   4,   4,   4,   4,   4,
   32.0K,  28,  28,  28,  28,  27,  28,  27,
   64.0K,  28,  28,  28,  28,  28,  28,  28,  28,
  128.0K,  28,  28,  28,  28,  28,  28,  28,  28,  28,
  256.0K,  28,  28,  28,  28,  28,  28,  28,  28,  28,  28,
  512.0K,  29,  29,  29,  29,  29,  29,  29,  29,  29,  30,  46,
 1024.0K,  29,  29,  29,  29,  29,  29,  29,  29,  29,  29,  47,  56,
 2048.0K,  30,  30,  30,  30,  30,  30,  30,  30,  30,  31,  48,  64,
 4096.0K,  46,  63, 102, 112, 125, 136, 140, 142, 164, 172, 192, 202,
 8192.0K,  47,  63, 102, 113, 126, 136, 141, 143, 166, 173, 192, 203,
16384.0K,  47,  63, 102, 113, 125, 136, 141, 144, 165, 172, 192, 202,
32768.0K,  47,  63, 102, 113, 125, 136, 142, 145, 166, 173, 192, 203,
*** Random Read Latency ***
Stride,     4,   8,  16,  32,  64, 128, 256, 512,  1K,  2K,  4K,  8K, 16K,
   0.25K,   3,   3,   5,   3,   3,   4,
   0.50K,   3,   5,   3,   3,   3,   5,   5,
    1.0K,   4,   4,   4,   4,   4,   4,   4,   4,
    2.0K,   4,   4,   4,   4,   4,   4,   4,   4,   4,
    4.0K,   4,   4,   4,   4,   4,   4,   4,   4,   4,   4,
    8.0K,   4,   4,   4,   4,   4,   4,   4,   4,   4,   4,   4,
   16.0K,   4,   4,   4,   5,   4,   4,   4,   4,   4,   4,   4,   4,
   32.0K,  17,  19,  20,  22,  27,  28,  28,  28,  28,  28,   4,   4,   4,
   64.0K,  24,  24,  25,  26,  28,  28,  28,  28,  28,  28,  28,   4,   4,
  128.0K,  27,  27,  27,  28,  28,  28,  28,  28,  28,  28,  28,  28,   4,
  256.0K,  28,  28,  28,  28,  28,  29,  28,  28,  28,  28,  28,  28,  28,
  512.0K,  46,  46,  46,  47,  46,  47,  47,  48,  52,  56,  65,  28,  28,
 1024.0K,  56,  56,  56,  56,  56,  56,  57,  57,  58,  60,  65,  65,  27,
 2048.0K,  62,  62,  63,  65,  69,  65,  66,  67,  66,  66,  70,  65,  65,
 4096.0K, 229, 232, 238, 252, 284, 368, 373, 378, 379, 383, 388,  74,  63,
 8192.0K, 315, 316, 320, 328, 346, 380, 380, 381, 382, 384, 384, 389,  83,
16384.0K, 359, 360, 362, 367, 375, 391, 392, 391, 392, 398, 409, 403, 406,
32768.0K, 382, 382, 382, 385, 388, 396, 395, 397, 400, 408, 417, 418, 419,
*** CacheLine Forward Read Latency ***
Distance,   8,  16,  24,  32,  48,  64,  96, 128, 160, 192, 224, 256, 288,
    8.0K,   4,   4,   4,   4,   4,   4,   4,   4,   4,   4,   4,
   16.0K,   4,   4,   4,   4,   4,   4,   4,   4,   4,   4,   4,   4,
   32.0K,  16,  16,  16,  16,  16,  25,  25,  25,  25,  25,  25,  25,  25,
   64.0K,  16,  16,  16,  16,  16,  25,  25,  25,  25,  25,  25,  25,  25,
  128.0K,  16,  16,  16,  16,  16,  25,  25,  25,  25,  25,  25,  25,  25,
  256.0K,  16,  16,  16,  16,  16,  25,  25,  25,  25,  25,  25,  25,  25,
  512.0K,  18,  18,  18,  18,  18,  28,  28,  28,  28,  28,  28,  28,  28,
 1024.0K,  17,  19,  19,  18,  19,  28,  28,  28,  28,  28,  28,  28,  28,
 2048.0K,  20,  20,  20,  20,  20,  31,  31,  31,  31,  31,  31,  33,  33,
 4096.0K, 163, 163, 163, 163, 164, 194, 194, 201, 203, 205, 213, 292, 294,
 8192.0K, 164, 164, 164, 165, 165, 198, 198, 207, 207, 208, 214, 292, 293,
16384.0K, 164, 163, 164, 165, 165, 198, 199, 207, 210, 207, 208, 292, 294,
32768.0K, 163, 163, 164, 165, 164, 198, 199, 208, 208, 209, 212, 292, 293,
*** CacheLine Backward Read Latency ***
Distance,   8,  16,  24,  32,  48,  64,  96, 128, 160, 192, 224, 256, 288,
    8.0K,   4,   4,   4,   4,   4,   4,   4,   4,   4,   4,   4,
   16.0K,   4,   4,   4,   4,   4,   4,   4,   4,   4,   4,   4,   4,
   32.0K,  16,  16,  16,  16,  16,  25,  25,  25,  25,  25,  25,  25,  25,
   64.0K,  16,  16,  16,  16,  16,  25,  25,  25,  25,  25,  25,  25,  25,
  128.0K,  16,  16,  16,  16,  16,  25,  25,  25,  25,  25,  25,  25,  25,
  256.0K,  16,  16,  16,  16,  16,  25,  25,  25,  25,  25,  25,  25,  25,
  512.0K,  18,  19,  19,  19,  18,  28,  28,  28,  28,  28,  28,  28,  28,
 1024.0K,  18,  19,  19,  18,  18,  28,  28,  28,  28,  28,  28,  28,  28,
 2048.0K,  20,  21,  21,  21,  20,  31,  31,  33,  32,  33,  33,  31,  31,
 4096.0K, 162, 162, 161, 162, 162, 193, 193, 302, 302, 302, 302, 234, 236,
 8192.0K, 162, 163, 162, 163, 162, 197, 197, 305, 304, 303, 303, 236, 236,
16384.0K, 162, 162, 162, 163, 163, 198, 198, 305, 303, 302, 303, 236, 236,
32768.0K, 162, 162, 162, 163, 162, 197, 196, 303, 303, 303, 303, 235, 235,
BenchMemLat exit code: 0x0100
L1D cacheline size: 64 bytes      [Mode:6 Size:    32K, Stride:   512, #NOP:  0, UnRoll:64]
L2  cacheline size:128 bytes      [Mode:6 Size:  4096K, Stride:   512, #NOP:  0, UnRoll:64]
Mem latency:  85.657ns( 319 clks) [Mode:1 Size: 16384K, Stride:  1024, #NOP:  4, UnRoll:64]
L1D latency:   1.065ns(   4 clks) [Mode:1 Size:    16K, Stride:    64, #NOP:  0, UnRoll:64]
L2  latency:   7.096ns(  26 clks) [Mode:1 Size:  2048K, Stride:   128, #NOP:  6, UnRoll:64]
Running time:    275 seconds.
