Copyright (C) 2003, 2009 Lavalys Consulting Group, Inc. All rights reserved.
everest_bench.dll build: 2.4.257.0 Jan 19 2009 01:57:35
CPUCount: 1, procMask: 0x00000001 Size of Memory: 261688KB Priority:080
CPU#00 Vendor: GenuineIntel CoreType:0x2000052c
CPU#00 Family: 5 Modell: 02 Stepping: c
CPU#00 Features: TSC, FPU, CMPXCHG8B
CPU#00 Frequency:  167.02MHz  OS:5.0.2195 Service Pack 4
CPU#00 AffMask:0x00000001 APIC_ID:0x00000000 Phys_ID:000 Core_ID:00 SMT_ID:00 PhysMask:0x00000001 
CPU#00 L1I cache:     8KB,   32 byte cache line,  2 way, SMask:00000001
CPU#00 L1D cache:     8KB,   32 byte cache line,  2 way, SMask:00000001
CPU#00 AffMask:0x00000001 APIC_ID:0x00000000 Phys_ID:000 Core_ID:00 SMT_ID:00 PhysMask:0x00000001 
Parameters: "-ph -d4094 -l "
Memory Latency ProcMask:0x00000001 #NOP:0
*** Linear Read Latency ***
Stride,     4,   8,  16,  32,  64, 128, 256, 512,  1K,  2K,  4K,  8K,
   0.25K,   2,   2,   2,   2,   2,   2,
   0.50K,   2,   2,   2,   2,   2,   2,   2,
    1.0K,   2,   2,   2,   2,   2,   2,   2,   2,
    2.0K,   2,   2,   2,   2,   2,   2,   2,   2,   2,
    4.0K,   2,   2,   2,   2,   2,   2,   2,   2,   2,   2,
    8.0K,   2,   2,   2,   2,   2,   3,   3,   4,   9,  20,  38,
   16.0K,   5,   8,  14,  16,  18,  19,  22,  18,  26,  27,  37,  33,
   32.0K,   6,   8,  14,  17,  18,  20,  19,  23,  25,  27,  33,  37,
   64.0K,   6,   8,  14,  19,  21,  20,  21,  22,  24,  30,  37,  39,
  128.0K,   6,   9,  15,  20,  20,  20,  20,  21,  23,  30,  36,  36,
  256.0K,   6,   8,  15,  19,  19,  19,  21,  21,  25,  30,  37,  34,
  512.0K,   6,   9,  15,  20,  21,  22,  23,  30,  41,  62,  98,  95,
 1024.0K,   6,   9,  15,  20,  21,  21,  25,  30,  37,  64,  76,  73,
 2048.0K,   6,   9,  15,  21,  21,  22,  24,  29,  42,  65,  99,  97,
 4096.0K,   6,   9,  15,  21,  21,  23,  25,  31,  43,  55,  98,  71,
 8192.0K,   6,   9,  15,  21,  22,  23,  25,  31,  42,  65,  74,  99,
16384.0K,   6,   9,  15,  21,  22,  23,  25,  28,  37,  65,  99,  98,
*** Backward Read Latency ***
Stride,     4,   8,  16,  32,  64, 128, 256, 512,  1K,  2K,  4K,  8K,
   0.25K,   2,   2,   2,   2,   2,   2,
   0.50K,   2,   2,   2,   2,   2,   2,   2,
    1.0K,   2,   2,   2,   2,   2,   2,   2,   2,
    2.0K,   2,   2,   2,   2,   2,   2,   2,   2,   2,
    4.0K,   2,   2,   2,   2,   2,   2,   2,   2,   2,   2,
    8.0K,   2,   2,   2,   2,   2,   3,   3,   6,   9,  20,  26,
   16.0K,   6,   8,  13,  20,  21,  17,  19,  23,  27,  32,  38,  18,
   32.0K,   6,   8,  15,  20,  20,  18,  19,  23,  23,  30,  39,  30,
   64.0K,   5,   9,  13,  18,  20,  20,  19,  22,  24,  29,  36,  33,
  128.0K,   6,   8,  15,  19,  20,  19,  20,  21,  23,  27,  35,  34,
  256.0K,   6,   8,  14,  19,  19,  19,  20,  22,  24,  29,  35,  33,
  512.0K,   6,   9,  15,  20,  20,  21,  23,  30,  35,  51,  96,  91,
 1024.0K,   6,   9,  15,  20,  21,  22,  24,  31,  42,  51,  98,  73,
 2048.0K,   6,   9,  15,  20,  21,  23,  23,  31,  42,  60,  95,  97,
 4096.0K,   6,   9,  15,  21,  21,  22,  24,  31,  42,  65,  99,  70,
 8192.0K,   6,   9,  15,  21,  22,  23,  26,  31,  42,  64,  99,  74,
16384.0K,   6,   9,  15,  21,  22,  23,  25,  31,  41,  51,  92,  92,
*** BlockRandom Read Latency ***
Block,      8,  16,  32,  64, 128, 256, 512,  1K,  2K,  4K,  8K,
   0.25K,   2,
   0.50K,   2,   2,
    1.0K,   2,   2,   2,
    2.0K,   2,   2,   2,   2,
    4.0K,   2,   2,   2,   2,   2,
    8.0K,   2,   2,   2,   2,   2,   2,
   16.0K,  18,  18,  18,  20,  19,  20,  31,
   32.0K,  20,  20,  17,  17,  21,  28,  28,  26,
   64.0K,  19,  20,  19,  19,  26,  25,  24,  26,  29,
  128.0K,  19,  19,  18,  19,  25,  27,  25,  28,  28,  30,
  256.0K,  19,  19,  19,  18,  24,  27,  27,  28,  26,  27,  25,
  512.0K,  20,  19,  20,  20,  25,  27,  28,  29,  29,  27,  29,
 1024.0K,  20,  20,  20,  20,  26,  27,  29,  30,  31,  30,  30,
 2048.0K,  20,  20,  20,  20,  26,  29,  30,  31,  31,  31,  30,
 4096.0K,  21,  21,  20,  21,  26,  29,  30,  31,  31,  32,  31,
 8192.0K,  21,  21,  21,  21,  27,  29,  31,  32,  32,  32,  32,
16384.0K,  21,  21,  21,  21,  27,  30,  31,  32,  32,  32,  32,
*** Random Read Latency ***
Stride,     4,   8,  16,  32,  64, 128, 256, 512,  1K,  2K,  4K,  8K,
   0.25K,   2,   2,   2,   2,   2,   2,
   0.50K,   2,   2,   2,   2,   2,   2,   2,
    1.0K,   2,   2,   2,   2,   2,   2,   2,   2,
    2.0K,   2,   2,   2,   2,   2,   2,   2,   2,   2,
    4.0K,   2,   2,   2,   2,   2,   2,   2,   2,   2,   2,
    8.0K,   2,   2,   2,   2,   2,   3,   3,   5,   7,  19,  40,
   16.0K,  15,  16,  18,  30,  26,  25,  30,  25,  33,  29,  38,  35,
   32.0K,  24,  23,  27,  32,  31,  29,  32,  29,  26,  35,  35,  37,
   64.0K,  28,  24,  25,  25,  30,  28,  26,  26,  29,  33,  30,  32,
  128.0K,  28,  26,  28,  26,  28,  28,  29,  30,  30,  31,  33,  37,
  256.0K,  28,  28,  26,  30,  29,  28,  28,  29,  29,  32,  35,  31,
  512.0K,  63,  62,  49,  63,  63,  52,  64,  62,  54,  74,  91,  91,
 1024.0K,  80,  58,  79,  78,  65,  74,  54,  64,  83,  88,  93,  96,
 2048.0K,  85,  77,  88,  89,  87,  74,  68,  91,  75,  77,  95,  93,
 4096.0K,  72,  59,  68,  95,  94,  69,  94,  73,  95,  75,  99,  92,
 8192.0K,  93,  73,  73,  84,  86,  83,  83,  86,  98,  85,  99,  98,
16384.0K,  92,  95,  70,  97,  98,  99,  84,  94,  73,  92,  70,  85,
*** CacheLine Forward Read Latency ***
Distance,   8,  16,  24,  32,  48,  64,  96, 128, 160, 192, 224, 256,
    8.0K,   3,   3,   3,   4,   4,   3,   3,   3,   3,   3,   3,
   16.0K,  13,  11,  13,  20,  20,  20,  20,  20,  20,  18,  18,  18,
   32.0K,  12,  10,  10,  19,  18,  19,  19,  18,  18,  21,  19,  19,
   64.0K,  12,  12,  12,  19,  18,  20,  18,  18,  19,  20,  20,  19,
  128.0K,  12,  12,  12,  19,  18,  19,  19,  18,  19,  17,  19,  19,
  256.0K,  12,  11,  12,  19,  19,  18,  19,  19,  19,  19,  18,  19,
  512.0K,  16,  15,  16,  23,  24,  23,  23,  23,  24,  22,  24,  23,
 1024.0K,  16,  16,  15,  24,  23,  24,  24,  22,  24,  24,  22,  24,
 2048.0K,  16,  17,  16,  24,  23,  23,  24,  24,  24,  24,  23,  23,
 4096.0K,  17,  17,  15,  25,  25,  24,  25,  25,  24,  23,  24,  23,
 8192.0K,  17,  16,  17,  24,  25,  23,  24,  25,  25,  25,  24,  24,
16384.0K,  17,  17,  17,  25,  25,  24,  25,  24,  25,  24,  24,  25,
*** CacheLine Backward Read Latency ***
Distance,   8,  16,  24,  32,  48,  64,  96, 128, 160, 192, 224, 256,
    8.0K,   3,   3,   3,   4,   4,   3,   3,   3,   3,   3,   2,
   16.0K,  10,  11,  11,  16,  18,  18,  21,  18,  21,  18,  18,  16,
   32.0K,  12,  13,  12,  19,  20,  20,  21,  20,  18,  20,  20,  18,
   64.0K,  12,  11,  10,  20,  17,  20,  20,  18,  17,  19,  17,  20,
  128.0K,  11,  12,  12,  18,  20,  20,  18,  19,  20,  19,  19,  19,
  256.0K,  12,  12,  12,  19,  19,  20,  20,  19,  20,  19,  19,  19,
  512.0K,  16,  16,  14,  24,  24,  24,  23,  24,  24,  24,  22,  23,
 1024.0K,  15,  15,  16,  24,  23,  24,  24,  22,  23,  24,  24,  24,
 2048.0K,  16,  16,  15,  24,  23,  23,  23,  24,  24,  23,  23,  24,
 4096.0K,  17,  17,  17,  23,  23,  23,  24,  25,  25,  25,  25,  23,
 8192.0K,  17,  17,  16,  24,  24,  25,  25,  24,  25,  25,  25,  25,
16384.0K,  16,  16,  17,  24,  25,  23,  24,  23,  25,  24,  24,  25,
BenchMemLat exit code: 0x0100
L1D cacheline size: 32 bytes      [Mode:6 Size:    16K, Stride:   512, #NOP:  0, UnRoll:16]
Mem latency: 248.016ns(  41 clks) [Mode:1 Size: 16384K, Stride:  1024, #NOP:  0, UnRoll:8]
L1D latency:  14.337ns(   2 clks) [Mode:1 Size:     8K, Stride:    32, #NOP:  0, UnRoll:64]
Running time:    720 seconds.
