Copyright (C) 2003, 2009 Lavalys Consulting Group, Inc. All rights reserved.
everest_bench.dll build: 2.4.257.0 Jan 19 2009 01:57:35
CPUCount: 1, procMask: 0x00000001 Size of Memory: 490864KB Priority:080
CPU#00 Vendor: GenuineTMx86 CoreType:0x50000f24
CPU#00 Family: f Model: 02 Stepping: 4 Type: "Transmeta Efficeon(tm) Processor TM8000"
CPU#00 Features: TSC, FPU, CMOV, MMX, MMX+, SSE, SSE2, CMPXCHG8B
CPU#00 Frequency:  995.21MHz  OS:5.1.2600 Service Pack 2
CPU#00 AffMask:0x00000001 APIC_ID:0x00000000 Phys_ID:000 Core_ID:00 SMT_ID:00 PhysMask:0x00000001 
CPU#00 L1I cache:   128KB,   64 byte cache line,  4 way, SMask:00000001
CPU#00 L1D cache:    64KB,   32 byte cache line,  8 way, SMask:00000001
CPU#00 L2  cache:  1024KB,  128 byte cache line,  4 way, SMask:00000001
CPU#00 AffMask:0x00000001 APIC_ID:0x00000000 Phys_ID:000 Core_ID:00 SMT_ID:00 PhysMask:0x00000001 
Parameters: "-ph -d4094 -l "
Memory Latency ProcMask:0x00000001 #NOP:0
*** Linear Read Latency ***
Stride,     4,   8,  16,  32,  64, 128, 256, 512,  1K,  2K,  4K,  8K, 16K,
   0.25K,  38,  22,  12,  13,   4,  10,
   0.50K,  21,  18,  12,   8,   9,   3,   3,
    1.0K,  12,  12,  13,   7,   2,   6,   3,   3,
    2.0K,   8,   7,   7,   3,   5,   4,   5,   3,   3,
    4.0K,   5,   5,   5,   5,   5,   4,   4,   4,   3,   3,
    8.0K,   4,   4,   4,   4,   4,   4,   4,   3,   3,   3,   3,
   16.0K,   4,   4,   4,   4,   4,   4,   4,   3,   3,   3,   3,   3,
   32.0K,   4,   3,   3,   3,   3,   3,   3,   3,   3,   3,   3,   3,   3,
   64.0K,   4,   4,   4,   4,   3,   3,   3,   3,   3,   3,   3,   3,   3,
  128.0K,   4,   5,   7,  10,  10,  10,  10,  10,  10,  10,  10,  10,   3,
  256.0K,   4,   5,   7,  12,  12,  12,  12,  12,  12,  12,  12,  12,  10,
  512.0K,   5,   5,   8,  12,  12,  12,  12,  12,  12,  12,  12,  12,  12,
 1024.0K,   6,   7,   9,  13,  13,  12,  12,  12,  12,  12,  12,  12,  12,
 2048.0K,   8,  13,  24,  45,  79, 110, 110, 115, 124, 138, 159,  53,  72,
 4096.0K,   8,  14,  27,  52,  90, 129, 129, 133, 142, 161, 182, 173,  85,
 8192.0K,   8,  14,  26,  50,  89, 130, 128, 135, 143, 161, 183, 197, 168,
16384.0K,   8,  14,  27,  52,  92, 129, 135, 149, 167, 213, 288, 293, 277,
*** Backward Read Latency ***
Stride,     4,   8,  16,  32,  64, 128, 256, 512,  1K,  2K,  4K,  8K, 16K,
   0.25K,  38,  21,  12,  13,   4,   4,
   0.50K,  22,  22,  12,   7,   8,   4,   0,
    1.0K,  12,  13,  12,   7,   5,   5,   3,   3,
    2.0K,   8,   7,   8,   7,   3,   4,   4,   4,   3,
    4.0K,   5,   5,   5,   5,   6,   4,   4,   4,   4,   3,
    8.0K,   4,   4,   4,   4,   4,   4,   4,   3,   3,   3,   3,
   16.0K,   4,   4,   4,   4,   4,   4,   4,   3,   3,   3,   3,   3,
   32.0K,   4,   3,   3,   3,   3,   3,   3,   3,   3,   3,   3,   3,   3,
   64.0K,   4,   4,   4,   3,   3,   3,   3,   3,   3,   3,   3,   3,   3,
  128.0K,   4,   5,   7,  10,  10,  10,  10,  10,  10,  10,  10,  10,   3,
  256.0K,   4,   5,   7,  12,  12,  12,  12,  12,  12,  12,  12,  12,  10,
  512.0K,   5,   5,   8,  12,  12,  12,  12,  12,  12,  12,  12,  12,  12,
 1024.0K,   6,   7,   9,  13,  12,  12,  12,  12,  12,  12,  12,  12,  12,
 2048.0K,   8,  13,  24,  45,  78, 109, 110, 114, 124, 138, 151,  65,  72,
 4096.0K,   8,  14,  27,  52,  89, 129, 125, 133, 142, 160, 181, 172,  81,
 8192.0K,   8,  14,  26,  50,  90, 125, 127, 135, 142, 161, 182, 197, 170,
16384.0K,   8,  14,  27,  52,  92, 129, 134, 146, 167, 213, 289, 289, 270,
*** BlockRandom Read Latency ***
Block,      8,  16,  32,  64, 128, 256, 512,  1K,  2K,  4K,  8K, 16K,
   0.50K,
    1.0K,   6,
    2.0K,   5,   4,
    4.0K,   4,   4,   4,
    8.0K,   4,   4,   4,   4,
   16.0K,   4,   4,   4,   4,   4,
   32.0K,   3,   3,   3,   3,   3,   3,
   64.0K,   3,   3,   3,   3,   3,   3,   3,
  128.0K,  10,  10,  10,  10,  10,  10,  10,  10,
  256.0K,  12,  12,  12,  12,  12,  12,  12,  12,  12,
  512.0K,  12,  12,  12,  12,  12,  12,  12,  12,  12,  12,
 1024.0K,  12,  12,  12,  12,  12,  12,  12,  12,  12,  12,  12,
 2048.0K, 109, 108, 108, 112, 120, 126, 131, 136, 138, 139, 140, 159,
 4096.0K, 129, 127, 126, 135, 142, 149, 156, 161, 164, 165, 166, 186,
 8192.0K, 125, 125, 125, 129, 137, 147, 155, 160, 163, 164, 165, 186,
16384.0K, 129, 129, 129, 134, 141, 150, 159, 165, 167, 169, 170, 189,
*** Random Read Latency ***
Stride,     4,   8,  16,  32,  64, 128, 256, 512,  1K,  2K,  4K,  8K, 16K,
   0.25K,  38,  21,  11,  14,   5,   3,
   0.50K,  22,  24,  12,   7,   8,   4,   4,
    1.0K,  12,  13,  12,   7,   6,   6,   3,   3,
    2.0K,   8,   7,   8,   8,   5,   4,   4,   5,   3,
    4.0K,   3,   5,   5,   5,   5,   4,   4,   4,   3,   3,
    8.0K,   4,   4,   4,   4,   4,   4,   3,   3,   3,   3,   3,
   16.0K,   4,   4,   4,   4,   4,   4,   4,   3,   3,   3,   3,   3,
   32.0K,   3,   3,   3,   3,   3,   3,   3,   3,   3,   3,   3,   3,   3,
   64.0K,   4,   4,   4,   4,   3,   3,   3,   3,   3,   3,   3,   3,   3,
  128.0K,   8,   8,   9,  10,  10,  10,  10,  10,  10,  10,  10,  10,   3,
  256.0K,  10,  10,  11,  12,  12,  12,  12,  12,  12,  12,  12,  12,  10,
  512.0K,  11,  11,  11,  12,  12,  12,  12,  12,  12,  12,  12,  12,  12,
 1024.0K,  12,  12,  12,  13,  12,  12,  12,  12,  12,  12,  12,  12,  12,
 2048.0K, 110, 112, 114, 121, 133, 161, 160, 161, 161, 164, 168,  75,  69,
 4096.0K, 155, 156, 158, 162, 169, 189, 192, 191, 192, 193, 195, 176,  86,
 8192.0K, 178, 180, 180, 182, 186, 195, 194, 194, 196, 197, 199, 196, 169,
16384.0K, 255, 251, 249, 251, 250, 253, 252, 251, 251, 259, 272, 278, 302,
*** CacheLine Forward Read Latency ***
Distance,   8,  16,  24,  32,  48,  64,  96, 128, 160, 192, 224, 256, 288,
    8.0K,   3,   3,   3,   3,   3,   3,   3,   3,   3,   3,   3,
   16.0K,   3,   3,   3,   3,   3,   3,   3,   3,   3,   3,   3,   3,
   32.0K,   3,   3,   3,   3,   3,   3,   3,   3,   3,   3,   3,   3,   3,
   64.0K,   3,   3,   3,   3,   3,   3,   3,   3,   3,   3,   3,   3,   3,
  128.0K,   7,   7,   7,  10,  10,  10,  10,  10,  10,  10,  10,  10,  10,
  256.0K,   8,   7,   7,  12,  12,  12,  12,  12,  12,  12,  12,  12,  12,
  512.0K,   8,   8,   8,  12,  12,  12,  12,  12,  12,  12,  12,  12,  12,
 1024.0K,   8,   8,   8,  12,  12,  12,  12,  12,  12,  12,  12,  12,  13,
 2048.0K,  60,  58,  58,  78,  80,  76,  75, 118, 123, 128, 116, 118, 118,
 4096.0K,  70,  67,  67, 104,  85,  85,  86, 131, 128, 128, 128, 129, 145,
 8192.0K,  69,  65,  65,  86,  86,  87,  86, 127, 127, 128, 129, 126, 127,
16384.0K,  72,  72,  72,  91,  91,  91,  91, 134, 134, 135, 135, 134, 134,
*** CacheLine Backward Read Latency ***
Distance,   8,  16,  24,  32,  48,  64,  96, 128, 160, 192, 224, 256, 288,
    8.0K,   3,   3,   3,   3,   3,   3,   3,   3,   3,   3,   3,
   16.0K,   3,   3,   3,   3,   3,   3,   3,   3,   3,   3,   3,   3,
   32.0K,   3,   3,   3,   3,   3,   3,   3,   3,   3,   3,   3,   3,   3,
   64.0K,   3,   3,   3,   3,   3,   3,   3,   3,   3,   3,   3,   3,   3,
  128.0K,   7,   7,   7,  10,  10,  10,  10,  10,  10,  10,  10,  10,  10,
  256.0K,   7,   7,   7,  12,  12,  12,  12,  12,  12,  12,  12,  12,  12,
  512.0K,   8,   8,   8,  12,  12,  12,  12,  12,  12,  12,  12,  12,  12,
 1024.0K,   8,   8,   8,  12,  12,  12,  12,  12,  12,  12,  12,  13,  13,
 2048.0K,  97,  58,  58,  80,  75,  81,  77, 113, 113, 112, 115, 153, 118,
 4096.0K,  67,  86,  88,  91,  86, 106, 102, 127, 130, 146, 129, 129, 146,
 8192.0K,  67,  65,  65,  86,  86,  87,  86, 130, 126, 126, 129, 126, 126,
16384.0K,  72,  75,  72,  91,  91,  90,  91, 134, 133, 134, 134, 134, 134,
BenchMemLat exit code: 0x0100
L1D cacheline size: 32 bytes      [Mode:6 Size:   128K, Stride:   512, #NOP:  0, UnRoll:64]
L2  cacheline size:128 bytes      [Mode:6 Size:  2048K, Stride:   512, #NOP:  0, UnRoll:64]
Mem latency: 164.007ns( 163 clks) [Mode:1 Size: 16384K, Stride:  1024, #NOP:110, UnRoll:64]
L1D latency:   3.638ns(   4 clks) [Mode:1 Size:    64K, Stride:    32, #NOP:  0, UnRoll:64]
L2  latency:  18.476ns(  18 clks) [Mode:1 Size:  1024K, Stride:   128, #NOP:  0, UnRoll:64]
Running time:    418 seconds.
