Copyright (C) 2003, 2009 Lavalys Consulting Group, Inc. All rights reserved.
everest_bench.dll build: 2.4.257.0 Jan 19 2009 01:57:35
CPUCount: 1, procMask: 0x00000001 Size of Memory: 261664KB Priority:080
CPU#00 Vendor: GenuineIntel CoreType:0x20000f13
CPU#00 Family: f Modell: 01 Stepping: 3 Type: "                Intel(R) Celeron(R) CPU 1.70GHz"
CPU#00 Features: TSC, FPU, CMOV, MMX, SSE, SSE2, CMPXCHG8B
CPU#00 Frequency: 1715.21MHz  OS:5.0.2195 Service Pack 4
CPU#00 AffMask:0x00000001 APIC_ID:0x00000000 Phys_ID:000 Core_ID:00 SMT_ID:00 PhysMask:0x00000001 
CPU#00 L1I cache:    12K uops trace,              8 way, SMask:00000001
CPU#00 L1D cache:     8KB,   64 byte cache line,  4 way, SMask:00000001
CPU#00 L2  cache:   128KB,   64 byte cache line,  4 way, SMask:00000001
CPU#00 AffMask:0x00000001 APIC_ID:0x00000000 Phys_ID:000 Core_ID:00 SMT_ID:00 PhysMask:0x00000001 
Parameters: "-ph -d4094 -l "
Memory Latency ProcMask:0x00000001 #NOP:0
*** Linear Read Latency ***
Stride,     4,   8,  16,  32,  64, 128, 256, 512,  1K,  2K,  4K,  8K, 16K,
   0.25K,   1,   1,   1,   1,   1,   1,
   0.50K,   2,   2,   2,   2,   2,   2,   2,
    1.0K,   2,   2,   2,   2,   2,   2,   2,   2,
    2.0K,   2,   2,   2,   2,   2,   2,   2,   2,   2,
    4.0K,   2,   2,   2,   2,   2,   2,   2,   2,   2,   2,
    8.0K,   2,   2,   2,   2,   2,   2,   2,   2,   2,   2,   2,
   16.0K,   2,   3,   4,  10,  18,  18,  18,  19,  19,  20,   2,   2,
   32.0K,   2,   3,   4,  11,  18,  18,  19,  19,  19,  20,  20,   2,   2,
   64.0K,   2,   3,   4,  11,  18,  18,  18,  19,  19,  19,  20,  19,   2,
  128.0K,   3,   3,   4,  11,  18,  18,  18,  18,  19,  19,  20,  19,  18,
  256.0K,   7,  14,  26,  54, 107, 262, 244, 274, 269, 285, 323,  21,  12,
  512.0K,   7,  14,  28,  55, 107, 250, 247, 271, 274, 300, 347, 320,  22,
 1024.0K,   7,  14,  28,  55, 108, 246, 250, 258, 278, 305, 353, 349, 311,
 2048.0K,   7,  14,  28,  55, 108, 250, 248, 257, 277, 302, 355, 351, 348,
 4096.0K,   7,  14,  28,  55, 108, 248, 248, 259, 276, 302, 354, 354, 356,
 8192.0K,   7,  14,  28,  55, 108, 248, 250, 258, 274, 302, 354, 354, 353,
16384.0K,   7,  14,  28,  56, 109, 249, 250, 260, 273, 302, 356, 356, 356,
*** Backward Read Latency ***
Stride,     4,   8,  16,  32,  64, 128, 256, 512,  1K,  2K,  4K,  8K, 16K,
   0.25K,   1,   1,   1,   1,   1,   1,
   0.50K,   2,   2,   2,   2,   2,   2,   2,
    1.0K,   2,   2,   2,   2,   2,   2,   2,   2,
    2.0K,   2,   2,   2,   2,   2,   2,   2,   2,   2,
    4.0K,   2,   2,   2,   2,   2,   2,   2,   2,   2,   2,
    8.0K,   3,   2,   2,   2,   3,   3,   2,   2,   2,   2,   2,
   16.0K,   4,   5,   7,  14,  18,  18,  18,  19,  19,  20,   2,   2,
   32.0K,   3,   6,   8,  17,  18,  18,  19,  20,  19,  21,  20,   2,   2,
   64.0K,   3,   7,   9,  18,  18,  18,  18,  19,  19,  19,  20,  19,   2,
  128.0K,   4,   7,   9,  18,  18,  18,  18,  18,  19,  19,  19,  19,  18,
  256.0K,   7,  14,  27,  55, 107, 260, 242, 265, 268, 291, 306,  21,  10,
  512.0K,   7,  14,  28,  56, 109, 259, 247, 261, 276, 297, 344, 307,  22,
 1024.0K,   7,  14,  28,  56, 108, 245, 248, 259, 275, 298, 348, 344, 301,
 2048.0K,   7,  14,  28,  56, 108, 247, 246, 262, 273, 299, 353, 348, 336,
 4096.0K,   7,  14,  28,  56, 108, 250, 248, 263, 274, 298, 354, 351, 350,
 8192.0K,   7,  14,  28,  56, 109, 249, 249, 259, 275, 301, 355, 354, 352,
16384.0K,   7,  14,  28,  56, 109, 248, 248, 257, 276, 303, 354, 354, 355,
*** BlockRandom Read Latency ***
Block,      8,  16,  32,  64, 128, 256, 512,  1K,  2K,  4K,  8K, 16K,
   0.50K,   2,
    1.0K,   2,   2,
    2.0K,   2,   2,   2,
    4.0K,   2,   2,   2,   2,
    8.0K,   3,   8,   3,   2,   3,
   16.0K,  18,  18,  18,  18,  18,  18,
   32.0K,  18,  18,  18,  18,  18,  18,  18,
   64.0K,  18,  18,  18,  18,  18,  18,  18,  18,
  128.0K,  18,  18,  18,  18,  18,  18,  18,  18,  20,
  256.0K, 119, 134, 138, 142, 135, 140, 146, 157, 164, 226,
  512.0K, 115, 135, 139, 136, 136, 138, 147, 157, 166, 233, 294,
 1024.0K, 116, 135, 137, 137, 134, 136, 147, 157, 166, 240, 297, 326,
 2048.0K, 115, 135, 138, 137, 136, 136, 145, 155, 166, 240, 299, 327,
 4096.0K, 115, 134, 137, 137, 136, 136, 147, 156, 166, 241, 299, 328,
 8192.0K, 116, 135, 138, 137, 137, 136, 146, 156, 167, 241, 300, 329,
16384.0K, 116, 136, 139, 137, 137, 136, 147, 157, 167, 242, 300, 328,
*** Random Read Latency ***
Stride,     4,   8,  16,  32,  64, 128, 256, 512,  1K,  2K,  4K,  8K, 16K,
   0.25K,   1,   1,   1,   1,   1,   1,
   0.50K,   2,   2,   2,   2,   2,   2,   2,
    1.0K,   2,   2,   2,   2,   2,   2,   2,   2,
    2.0K,   2,   2,   2,   2,   2,   2,   2,   2,   2,
    4.0K,   2,   2,   2,   2,   2,   2,   2,   2,   2,   2,
    8.0K,   2,   2,   2,   2,   3,   2,   2,   2,   2,   2,   2,
   16.0K,  14,  14,  14,  15,  18,  19,  19,  19,  20,  20,   2,   2,
   32.0K,  17,  18,  18,  18,  18,  19,  19,  20,  20,  19,  19,   2,   2,
   64.0K,  18,  18,  18,  18,  18,  18,  18,  19,  19,  19,  20,  19,   2,
  128.0K,  18,  18,  18,  18,  19,  19,  19,  20,  19,  20,  22,  24,  24,
  256.0K, 166, 172, 176, 187, 227, 320, 320, 319, 327, 324, 347,  22,  15,
  512.0K, 261, 265, 269, 279, 296, 337, 335, 339, 346, 347, 358, 338,  25,
 1024.0K, 309, 311, 313, 317, 325, 346, 345, 344, 348, 349, 360, 361, 331,
 2048.0K, 334, 334, 338, 338, 343, 351, 351, 353, 353, 355, 363, 368, 394,
 4096.0K, 347, 347, 348, 349, 352, 357, 357, 358, 356, 358, 363, 365, 383,
 8192.0K, 358, 357, 358, 359, 360, 363, 363, 364, 364, 362, 361, 367, 385,
16384.0K, 371, 370, 371, 371, 372, 372, 376, 379, 376, 372, 370, 373, 401,
*** CacheLine Forward Read Latency ***
Distance,   8,  16,  24,  32,  48,  64,  96, 128, 160, 192, 224, 256, 288,
    8.0K,   2,   2,   2,   2,   2,   2,   2,   2,   2,   2,   2,
   16.0K,  10,  10,  10,  10,  10,  17,  17,  17,  17,  17,  17,  17,
   32.0K,  10,  10,  10,  10,  10,  17,  17,  17,  17,  17,  17,  17,  17,
   64.0K,  10,  10,  10,  11,  10,  17,  17,  17,  17,  17,  17,  17,  17,
  128.0K,  11,  11,  11,  11,  11,  17,  17,  17,  17,  17,  17,  17,  17,
  256.0K, 132, 129, 134, 146, 155, 174, 200, 259, 259, 260, 259, 256, 259,
  512.0K, 136, 136, 137, 149, 155, 178, 200, 259, 257, 261, 259, 262, 259,
 1024.0K, 135, 135, 135, 149, 157, 179, 202, 258, 260, 260, 258, 259, 259,
 2048.0K, 135, 135, 137, 150, 157, 180, 201, 259, 258, 259, 258, 260, 259,
 4096.0K, 136, 135, 137, 149, 157, 178, 202, 259, 260, 260, 259, 259, 259,
 8192.0K, 136, 135, 137, 149, 157, 180, 202, 260, 259, 259, 259, 260, 260,
16384.0K, 136, 136, 137, 150, 157, 180, 202, 260, 260, 260, 260, 260, 260,
*** CacheLine Backward Read Latency ***
Distance,   8,  16,  24,  32,  48,  64,  96, 128, 160, 192, 224, 256, 288,
    8.0K,   2,   2,   2,   2,   2,   2,   2,   2,   2,   2,   2,
   16.0K,  10,  10,  10,  10,  10,  17,  17,  17,  17,  17,  17,  17,
   32.0K,  10,  10,  10,  10,  10,  17,  17,  17,  17,  17,  17,  17,  17,
   64.0K,  10,  10,  10,  10,  10,  17,  17,  17,  17,  17,  17,  17,  17,
  128.0K,  11,  11,  11,  11,  11,  17,  17,  17,  17,  17,  17,  17,  17,
  256.0K, 134, 134, 134, 147, 150, 174, 196, 255, 257, 255, 255, 259, 259,
  512.0K, 135, 135, 135, 148, 157, 181, 200, 253, 258, 261, 257, 257, 261,
 1024.0K, 135, 134, 135, 147, 156, 180, 202, 260, 260, 258, 258, 257, 261,
 2048.0K, 135, 135, 136, 149, 157, 180, 201, 259, 260, 259, 259, 259, 258,
 4096.0K, 136, 135, 136, 149, 157, 179, 202, 259, 258, 259, 259, 259, 260,
 8192.0K, 136, 135, 136, 149, 157, 180, 202, 259, 260, 259, 260, 259, 260,
16384.0K, 135, 136, 136, 149, 157, 180, 202, 260, 260, 260, 260, 260, 260,
BenchMemLat exit code: 0x0100
L1D cacheline size: 64 bytes      [Mode:6 Size:    16K, Stride:   512, #NOP:  0, UnRoll:32]
L2  cacheline size:128 bytes      [Mode:6 Size:   256K, Stride:   512, #NOP:  0, UnRoll:64]
Mem latency: 159.764ns( 274 clks) [Mode:1 Size: 16384K, Stride:  1024, #NOP: 28, UnRoll:64]
L1D latency:   1.134ns(   2 clks) [Mode:1 Size:     4K, Stride:    64, #NOP:  0, UnRoll:64]
L2  latency:   8.112ns(  14 clks) [Mode:1 Size:   128K, Stride:   128, #NOP: 18, UnRoll:64]
Running time:    240 seconds.
