Copyright (C) 2003, 2009 Lavalys Consulting Group, Inc. All rights reserved.
everest_bench.dll build: 2.4.257.0 Jan 19 2009 01:57:35
CPUCount: 2, procMask: 0x00000003 Size of Memory: 1047896KB Priority:080
CPU#00 Vendor: GenuineIntel CoreType:0x20000f43
CPU#00 Family: f Model: 04 Stepping: 3 Type: "                  Intel(R) Xeon(TM) CPU 3.20GHz"
CPU#00 Features: TSC, FPU, CMOV, MMX, SSE, SSE2, SSE3, CMPXCHG8B, HTT
CPU#00 Frequency: 3192.02MHz  OS:5.1.2600 Service Pack 2
CPU#00 AffMask:0x00000001 APIC_ID:0x00000000 Phys_ID:000 Core_ID:00 SMT_ID:00 PhysMask:0x00000003 
CPU#00 L1I cache:    12K uops trace,              8 way, SMask:00000003
CPU#00 L1D cache:    16KB,   64 byte cache line,  8 way, SMask:00000003
CPU#00 L2  cache:  2048KB,   64 byte cache line,  8 way, SMask:00000003
CPU#01 Vendor: GenuineIntel CoreType:0x20000f43
CPU#01 Family: f Model: 04 Stepping: 3 Type: "                  Intel(R) Xeon(TM) CPU 3.20GHz"
CPU#01 Features: TSC, FPU, CMOV, MMX, SSE, SSE2, SSE3, CMPXCHG8B, HTT
CPU#01 Frequency: 3192.02MHz  OS:5.1.2600 Service Pack 2
CPU#01 AffMask:0x00000002 APIC_ID:0x00000001 Phys_ID:000 Core_ID:00 SMT_ID:01 PhysMask:0x00000003 
CPU#01 L1I cache:    12K uops trace,              8 way, SMask:00000003
CPU#01 L1D cache:    16KB,   64 byte cache line,  8 way, SMask:00000003
CPU#01 L2  cache:  2048KB,   64 byte cache line,  8 way, SMask:00000003
CPU#00 AffMask:0x00000001 APIC_ID:0x00000000 Phys_ID:000 Core_ID:00 SMT_ID:00 PhysMask:0x00000003 
CPU#01 AffMask:0x00000002 APIC_ID:0x00000001 Phys_ID:000 Core_ID:00 SMT_ID:01 PhysMask:0x00000003 
Parameters: "-ph -d4094 -l "
Memory Latency ProcMask:0x00000001 #NOP:0
*** Linear Read Latency ***
Stride,     4,   8,  16,  32,  64, 128, 256, 512,  1K,  2K,  4K,  8K, 16K,
   0.25K,   3,   2,   3,   3,   3,   4,
   0.50K,   3,   3,   3,   3,   3,   7,   5,
    1.0K,   4,   4,   4,   4,   4,   4,   4,   4,
    2.0K,   4,   4,   4,   4,   4,   4,   4,   4,   4,
    4.0K,   4,   4,   4,   4,   4,   4,   4,   4,   4,   4,
    8.0K,   4,   4,   4,   4,   4,   4,   4,   4,   4,   4,   4,
   16.0K,   4,   4,   4,   4,   4,   4,   4,   4,   4,   4,   4,   4,
   32.0K,   6,   8,  10,  20,  28,  28,  28,  28,  28,  28,   4,   4,   4,
   64.0K,   6,   8,  10,  19,  28,  28,  28,  28,  28,  24,  28,   4,   4,
  128.0K,   6,   8,  10,  21,  28,  28,  28,  28,  26,  28,  28,  28,   4,
  256.0K,   6,   8,  10,  21,  28,  28,  28,  27,  28,  28,  28,  28,  28,
  512.0K,   6,   8,  11,  21,  29,  30,  31,  33,  37,  47,  65,  28,  28,
 1024.0K,   6,   8,  11,  21,  29,  30,  31,  33,  38,  47,  65,  65,  28,
 2048.0K,   6,   8,  12,  21,  30,  33,  38,  41,  45,  54,  73,  65,  65,
 4096.0K,   7,   9,  15,  30,  60, 178, 447, 469, 473, 481, 489,  75,  61,
 8192.0K,   7,   9,  15,  30,  59, 178, 447, 468, 474, 482, 491, 490,  89,
16384.0K,   7,   9,  16,  30,  59, 175, 447, 469, 475, 483, 495, 619, 508,
32768.0K,   7,   9,  15,  30,  60, 177, 448, 470, 474, 482, 497, 501, 621,
*** Backward Read Latency ***
Stride,     4,   8,  16,  32,  64, 128, 256, 512,  1K,  2K,  4K,  8K, 16K,
   0.25K,   5,   2,   5,   3,   3,   9,
   0.50K,   3,   3,   3,   3,   3,   5,   6,
    1.0K,   4,   4,   4,   4,   4,   4,   4,   4,
    2.0K,   4,   4,   4,   4,   4,   4,   4,   4,   4,
    4.0K,   4,   4,   4,   4,   4,   4,   4,   4,   4,   4,
    8.0K,   4,   4,   4,   4,   4,   4,   4,   4,   4,   4,   4,
   16.0K,   4,   4,   4,   4,   4,   4,   4,   4,   4,   4,   4,   4,
   32.0K,   6,   8,  10,  18,  28,  31,  28,  31,  28,  28,   4,   4,   4,
   64.0K,   6,   8,  11,  21,  28,  28,  28,  28,  28,  28,  28,   4,   4,
  128.0K,   6,   8,  10,  21,  28,  28,  28,  26,  28,  28,  28,  28,   4,
  256.0K,   6,   8,  11,  21,  28,  29,  28,  28,  28,  24,  28,  28,  28,
  512.0K,   6,   8,  11,  20,  29,  30,  31,  33,  38,  47,  65,  28,  28,
 1024.0K,   6,   8,  11,  21,  29,  30,  31,  33,  38,  47,  65,  65,  28,
 2048.0K,   6,   8,  12,  21,  30,  32,  39,  41,  45,  55,  73,  65,  65,
 4096.0K,   7,   9,  15,  30,  60, 189, 467, 468, 472, 479, 487,  78,  61,
 8192.0K,   7,   9,  15,  30,  60, 189, 466, 468, 472, 481, 492, 624,  93,
16384.0K,   7,   9,  15,  30,  60, 189, 465, 467, 468, 481, 498, 632, 638,
32768.0K,   7,   9,  15,  30,  60, 188, 466, 467, 471, 481, 498, 626, 515,
*** BlockRandom Read Latency ***
Block,      8,  16,  32,  64, 128, 256, 512,  1K,  2K,  4K,  8K, 16K,
   0.50K,   3,
    1.0K,   4,   4,
    2.0K,   4,   4,   4,
    4.0K,   4,   4,   4,   4,
    8.0K,   4,   4,   4,   4,   4,
   16.0K,   4,   4,   4,   4,   4,   4,
   32.0K,  29,  28,  28,  28,  28,  28,  27,
   64.0K,  28,  28,  28,  28,  28,  28,  28,  28,
  128.0K,  28,  28,  28,  28,  28,  28,  28,  28,  28,
  256.0K,  28,  28,  28,  28,  28,  28,  28,  28,  28,  28,
  512.0K,  29,  29,  29,  29,  29,  29,  29,  29,  29,  29,  46,
 1024.0K,  29,  29,  29,  29,  29,  29,  29,  29,  29,  29,  47,  56,
 2048.0K,  30,  31,  31,  31,  31,  31,  31,  31,  31,  31,  48,  67,
 4096.0K,  64,  85, 144, 162, 172, 175, 178, 181, 213, 225, 245, 255,
 8192.0K,  64,  85, 144, 162, 172, 176, 178, 181, 214, 225, 245, 256,
16384.0K,  65,  85, 144, 162, 172, 176, 179, 182, 213, 225, 245, 256,
32768.0K,  65,  85, 144, 162, 172, 176, 179, 182, 213, 225, 245, 256,
*** Random Read Latency ***
Stride,     4,   8,  16,  32,  64, 128, 256, 512,  1K,  2K,  4K,  8K, 16K,
   0.25K,   5,   2,   3,   3,   3,   4,
   0.50K,   4,   6,   3,   3,   3,   5,   5,
    1.0K,   4,   4,   4,   4,   4,   4,   4,   4,
    2.0K,   4,   4,   4,   4,   4,   4,   4,   4,   4,
    4.0K,   4,   4,   4,   4,   4,   4,   4,   4,   4,   4,
    8.0K,   4,   4,   4,   4,   4,   4,   4,   4,   4,   4,   4,
   16.0K,   4,   4,   4,   5,   4,   4,   4,   4,   4,   4,   4,   4,
   32.0K,  18,  19,  20,  23,  27,  28,  28,  28,  28,  28,   4,   4,   4,
   64.0K,  25,  24,  25,  26,  28,  28,  29,  28,  28,  28,  28,   4,   4,
  128.0K,  27,  27,  27,  28,  28,  28,  27,  28,  28,  28,  28,  28,   4,
  256.0K,  28,  28,  28,  28,  28,  28,  28,  28,  28,  28,  24,  24,  28,
  512.0K,  46,  46,  46,  47,  46,  47,  47,  48,  52,  56,  65,  28,  28,
 1024.0K,  56,  56,  56,  56,  56,  56,  57,  57,  58,  60,  65,  66,  28,
 2048.0K,  63,  63,  63,  66,  72,  66,  68,  69,  67,  68,  73,  66,  65,
 4096.0K, 287, 291, 299, 318, 361, 473, 480, 487, 487, 488, 491,  78,  63,
 8192.0K, 397, 399, 405, 415, 439, 487, 486, 489, 486, 489, 493, 492,  92,
16384.0K, 452, 454, 457, 463, 474, 497, 497, 499, 500, 503, 513, 629, 514,
32768.0K, 481, 482, 483, 486, 492, 504, 503, 505, 508, 515, 524, 525, 525,
*** CacheLine Forward Read Latency ***
Distance,   8,  16,  24,  32,  48,  64,  96, 128, 160, 192, 224, 256, 288,
    8.0K,   4,   4,   4,   4,   4,   4,   4,   4,   4,   4,   4,
   16.0K,   4,   4,   4,   4,   4,   4,   4,   4,   4,   4,   4,   4,
   32.0K,  16,  16,  16,  16,  16,  25,  25,  25,  25,  25,  25,  25,  25,
   64.0K,  16,  16,  16,  16,  16,  25,  25,  25,  25,  25,  25,  25,  25,
  128.0K,  16,  16,  16,  16,  16,  25,  25,  25,  25,  25,  25,  25,  25,
  256.0K,  16,  16,  16,  16,  16,  25,  25,  25,  25,  25,  25,  25,  25,
  512.0K,  18,  17,  18,  18,  18,  28,  28,  28,  28,  28,  28,  28,  28,
 1024.0K,  18,  18,  18,  18,  18,  28,  28,  28,  28,  28,  28,  28,  28,
 2048.0K,  22,  22,  22,  22,  22,  32,  32,  33,  33,  33,  33,  36,  36,
 4096.0K, 243, 243, 243, 244, 244, 265, 265, 291, 299, 303, 302, 450, 451,
 8192.0K, 243, 243, 243, 244, 244, 265, 265, 292, 298, 303, 303, 450, 451,
16384.0K, 243, 243, 243, 244, 244, 265, 265, 291, 298, 303, 302, 450, 451,
32768.0K, 243, 243, 243, 244, 243, 265, 265, 292, 299, 303, 302, 450, 451,
*** CacheLine Backward Read Latency ***
Distance,   8,  16,  24,  32,  48,  64,  96, 128, 160, 192, 224, 256, 288,
    8.0K,   4,   4,   4,   4,   4,   4,   4,   4,   4,   4,   4,
   16.0K,   4,   4,   4,   4,   4,   4,   4,   4,   4,   4,   4,   4,
   32.0K,  16,  16,  16,  16,  16,  25,  25,  25,  25,  25,  25,  25,  25,
   64.0K,  16,  16,  16,  16,  16,  25,  25,  25,  25,  25,  25,  25,  25,
  128.0K,  16,  16,  16,  16,  16,  25,  25,  25,  25,  25,  25,  25,  25,
  256.0K,  16,  16,  16,  16,  16,  25,  25,  25,  25,  25,  25,  25,  25,
  512.0K,  18,  18,  18,  19,  18,  28,  28,  28,  28,  28,  28,  28,  28,
 1024.0K,  18,  18,  18,  18,  18,  28,  28,  28,  28,  28,  28,  28,  28,
 2048.0K,  22,  22,  22,  22,  22,  32,  32,  35,  36,  36,  36,  33,  33,
 4096.0K, 240, 239, 239, 240, 240, 264, 264, 469, 468, 468, 469, 345, 344,
 8192.0K, 240, 240, 239, 240, 241, 264, 264, 469, 469, 468, 468, 345, 345,
16384.0K, 239, 239, 239, 240, 240, 264, 264, 468, 468, 468, 468, 344, 344,
32768.0K, 239, 239, 239, 239, 240, 263, 264, 468, 468, 468, 468, 344, 345,
BenchMemLat exit code: 0x0100
L1D cacheline size: 64 bytes      [Mode:6 Size:    32K, Stride:   512, #NOP:  0, UnRoll:64]
L2  cacheline size:128 bytes      [Mode:6 Size:  4096K, Stride:   512, #NOP:  0, UnRoll:64]
Mem latency: 147.407ns( 471 clks) [Mode:1 Size: 16384K, Stride:  1024, #NOP: 24, UnRoll:64]
L1D latency:   1.242ns(   4 clks) [Mode:1 Size:    16K, Stride:    64, #NOP:  0, UnRoll:64]
L2  latency:   8.678ns(  28 clks) [Mode:1 Size:  2048K, Stride:   128, #NOP:  6, UnRoll:64]
Running time:    375 seconds.
