Copyright (C) 2003, 2009 Lavalys Consulting Group, Inc. All rights reserved.
everest_bench.dll build: 2.4.257.0 Jan 19 2009 01:57:35
CPUCount: 1, procMask: 0x00000001 Size of Memory: 1047980KB Priority:080
CPU#00 Vendor: GenuineIntel CoreType:0x200006d8
CPU#00 Family: 6 Modell: 0d Stepping: 8 Type: "        Intel(R) Pentium(R) M processor 1.60GHz"
CPU#00 Features: TSC, FPU, CMOV, MMX, SSE, SSE2, CMPXCHG8B
CPU#00 Frequency: 1595.92MHz  OS:5.1.2600 Szervizcsomag 3
CPU#00 AffMask:0x00000001 APIC_ID:0x00000000 Phys_ID:000 Core_ID:00 SMT_ID:00 PhysMask:0x00000001 
CPU#00 L1I cache:    32KB,   64 byte cache line,  8 way, SMask:00000001
CPU#00 L1D cache:    32KB,   64 byte cache line,  8 way, SMask:00000001
CPU#00 L2  cache:  2048KB,   64 byte cache line,  8 way, SMask:00000001
CPU#00 AffMask:0x00000001 APIC_ID:0x00000000 Phys_ID:000 Core_ID:00 SMT_ID:00 PhysMask:0x00000001 
Parameters: "-ph -d4094 -l "
Memory Latency ProcMask:0x00000001 #NOP:0
*** Linear Read Latency ***
Stride,     4,   8,  16,  32,  64, 128, 256, 512,  1K,  2K,  4K,  8K, 16K,
   0.25K,   3,   3,   3,   3,   3,   3,
   0.50K,   3,   3,   3,   3,   3,   3,   3,
    1.0K,   3,   3,   3,   3,   3,   3,   3,   3,
    2.0K,   3,   3,   3,   3,   3,   3,   3,   3,   3,
    4.0K,   3,   3,   3,   3,   3,   3,   3,   3,   3,   3,
    8.0K,   3,   3,   3,   3,   3,   3,   3,   3,   3,   3,   3,
   16.0K,   3,   3,   3,   3,   3,   3,   3,   3,   3,   3,   3,   3,
   32.0K,   3,   3,   3,   3,   3,   3,   3,   3,   3,   3,   3,   3,   3,
   64.0K,   3,   4,   5,   9,  10,  10,  10,  10,  10,  10,  10,   3,   3,
  128.0K,   3,   4,   5,   9,  10,  10,  10,  10,  10,  10,  10,  10,   3,
  256.0K,   3,   4,   5,   9,  10,  10,  10,  10,  10,  10,  10,  10,  10,
  512.0K,   3,   4,   5,   9,  10,  10,  10,  10,  10,  10,  10,  10,  10,
 1024.0K,   3,   4,   5,   9,  10,  10,  10,  11,  11,  13,  15,  15,  15,
 2048.0K,   4,   5,   5,  10,  11,  13,  13,  13,  14,  15,  18,  15,  15,
 4096.0K,   4,   6,  12,  24,  45, 172, 172, 175, 176, 175, 177,  21,  15,
 8192.0K,   4,   6,  12,  24,  44, 173, 173, 174, 176, 177, 177, 177,  27,
16384.0K,   4,   6,  12,  24,  44, 173, 172, 174, 177, 183, 179, 177, 178,
32768.0K,   4,   6,  12,  24,  44, 173, 173, 174, 177, 182, 178, 180, 183,
*** Backward Read Latency ***
Stride,     4,   8,  16,  32,  64, 128, 256, 512,  1K,  2K,  4K,  8K, 16K,
   0.25K,   3,   3,   3,   3,   3,   3,
   0.50K,   3,   3,   3,   3,   3,   3,   3,
    1.0K,   3,   3,   3,   3,   3,   3,   3,   3,
    2.0K,   3,   3,   3,   3,   3,   3,   3,   3,   3,
    4.0K,   3,   3,   3,   3,   3,   3,   3,   3,   3,   3,
    8.0K,   3,   3,   3,   3,   3,   3,   3,   3,   3,   3,   3,
   16.0K,   3,   3,   3,   3,   3,   3,   3,   3,   3,   3,   3,   3,
   32.0K,   3,   3,   3,   3,   3,   3,   3,   3,   3,   3,   3,   3,   3,
   64.0K,   3,   4,   5,   9,  10,  10,  10,  10,  10,  10,  10,   3,   3,
  128.0K,   3,   4,   5,   9,  10,  10,  10,  10,  10,  10,  10,  10,   3,
  256.0K,   3,   4,   5,   9,  10,  10,  10,  10,  10,  10,  10,  10,  10,
  512.0K,   3,   4,   5,   9,  10,  10,  10,  10,  10,  10,  10,  10,  10,
 1024.0K,   3,   4,   5,   9,  10,  10,  10,  11,  11,  13,  15,  15,  15,
 2048.0K,   4,   5,   5,  10,  11,  13,  14,  14,  14,  16,  18,  15,  15,
 4096.0K,   4,   6,  12,  24,  45, 172, 172, 173, 176, 175, 175,  21,  15,
 8192.0K,   4,   6,  12,  24,  44, 172, 173, 174, 176, 177, 176, 175,  27,
16384.0K,   4,   6,  12,  24,  44, 172, 172, 174, 177, 178, 177, 177, 177,
32768.0K,   4,   6,  12,  24,  44, 173, 173, 174, 177, 180, 179, 181, 183,
*** BlockRandom Read Latency ***
Block,      8,  16,  32,  64, 128, 256, 512,  1K,  2K,  4K,  8K, 16K,
   0.50K,   3,
    1.0K,   3,   3,
    2.0K,   3,   3,   3,
    4.0K,   3,   3,   3,   3,
    8.0K,   3,   3,   3,   3,   3,
   16.0K,   3,   3,   3,   3,   3,   3,
   32.0K,   3,   3,   3,   3,   3,   3,   3,
   64.0K,  11,  11,  10,  10,  10,  10,  10,  10,
  128.0K,  11,  11,  10,  10,  10,  10,  10,  10,  10,
  256.0K,  11,  11,  10,  10,  10,  10,  10,  10,  10,  10,
  512.0K,  11,  11,  10,  10,  10,  10,  10,  10,  10,  10,  10,
 1024.0K,  11,  11,  11,  10,  10,  10,  10,  10,  10,  10,  10,  13,
 2048.0K,  13,  12,  12,  12,  12,  12,  12,  12,  12,  12,  12,  14,
 4096.0K,  63,  71,  80,  88,  89,  90,  95,  96,  95,  95,  94,  96,
 8192.0K,  65,  72,  81,  88,  88,  90,  95,  99,  99,  98,  94,  96,
16384.0K,  65,  72,  81,  88,  88,  90,  95,  98,  99,  97,  94,  96,
32768.0K,  65,  72,  81,  88,  88,  90,  95,  99,  99,  97,  95,  96,
*** Random Read Latency ***
Stride,     4,   8,  16,  32,  64, 128, 256, 512,  1K,  2K,  4K,  8K, 16K,
   0.25K,   3,   3,   3,   3,   3,   3,
   0.50K,   3,   3,   3,   3,   3,   3,   3,
    1.0K,   3,   3,   3,   3,   3,   3,   3,   3,
    2.0K,   3,   3,   3,   3,   3,   3,   3,   3,   3,
    4.0K,   3,   3,   3,   3,   3,   3,   3,   3,   3,   3,
    8.0K,   3,   3,   3,   3,   3,   3,   3,   3,   3,   3,   3,
   16.0K,   3,   3,   3,   3,   3,   3,   3,   3,   3,   3,   3,   3,
   32.0K,   3,   3,   3,   3,   3,   3,   3,   3,   3,   3,   3,   3,   3,
   64.0K,   7,   7,   7,   8,  10,  10,  10,  10,  10,  10,  10,   3,   3,
  128.0K,   8,   8,   9,   9,  10,  10,  10,  10,  10,  10,  10,  10,   3,
  256.0K,   9,   9,   9,  10,  10,  10,  10,  10,  10,  10,  10,  10,  10,
  512.0K,  10,  10,  10,  10,  10,  10,  10,  10,  10,  10,  10,  10,  10,
 1024.0K,  12,  12,  12,  12,  13,  13,  13,  13,  13,  14,  15,  15,  15,
 2048.0K,  14,  15,  15,  15,  16,  16,  17,  17,  17,  17,  18,  15,  15,
 4096.0K, 103, 105, 107, 115, 127, 180, 179, 180, 179, 178, 179,  20,  16,
 8192.0K, 145, 147, 149, 153, 162, 185, 184, 184, 183, 182, 183, 183,  27,
16384.0K, 169, 169, 170, 173, 178, 187, 187, 186, 186, 187, 186, 186, 186,
32768.0K, 183, 181, 181, 182, 184, 189, 189, 190, 191, 191, 190, 189, 190,
*** CacheLine Forward Read Latency ***
Distance,   8,  16,  24,  32,  48,  64,  96, 128, 160, 192, 224, 256, 288,
    8.0K,   3,   3,   3,   3,   3,   3,   3,   3,   3,   3,   3,
   16.0K,   3,   3,   3,   3,   3,   3,   3,   3,   3,   3,   3,   3,
   32.0K,   3,   3,   3,   3,   3,   3,   3,   3,   3,   3,   3,   3,   3,
   64.0K,   7,   7,   7,   7,   7,  10,  10,  10,  10,  10,  10,  10,  10,
  128.0K,   7,   7,   7,   7,   7,  10,  10,  10,  10,  10,  10,  10,  10,
  256.0K,   7,   7,   7,   7,   7,  10,  10,  10,  10,  10,  10,  10,  10,
  512.0K,   7,   7,   7,   7,   7,  10,  10,  10,  10,  10,  10,  10,  10,
 1024.0K,   7,   7,   7,   7,   7,  10,  10,  10,  10,  10,  10,  10,  10,
 2048.0K,   9,   9,   9,   9,   9,  12,  12,  14,  14,  14,  14,  14,  14,
 4096.0K,  84,  84,  84,  84,  84, 116, 116, 170, 170, 169, 170, 169, 170,
 8192.0K,  84,  84,  84,  84,  84, 121, 121, 170, 170, 170, 170, 170, 170,
16384.0K,  84,  84,  85,  84,  85, 122, 122, 170, 170, 169, 169, 170, 170,
32768.0K,  84,  85,  84,  84,  85, 122, 122, 170, 170, 170, 170, 170, 170,
*** CacheLine Backward Read Latency ***
Distance,   8,  16,  24,  32,  48,  64,  96, 128, 160, 192, 224, 256, 288,
    8.0K,   3,   3,   3,   3,   3,   3,   3,   3,   3,   3,   3,
   16.0K,   3,   3,   3,   3,   3,   3,   3,   3,   3,   3,   3,   3,
   32.0K,   3,   3,   3,   3,   3,   3,   3,   3,   3,   3,   3,   3,   3,
   64.0K,   7,   7,   7,   7,   7,  10,  10,  10,  10,  10,  10,  10,  10,
  128.0K,   7,   7,   7,   7,   7,  10,  10,  10,  10,  10,  10,  10,  10,
  256.0K,   7,   7,   7,   7,   7,  10,  10,  10,  10,  10,  10,  10,  10,
  512.0K,   7,   7,   7,   7,   7,  10,  10,  10,  10,  10,  10,  10,  10,
 1024.0K,   7,   7,   7,   7,   7,  10,  10,  10,  10,  10,  10,  10,  10,
 2048.0K,   9,   9,   9,   9,   9,  12,  12,  14,  14,  14,  14,  14,  14,
 4096.0K,  84,  84,  84,  84,  84, 106, 106, 170, 170, 169, 169, 169, 170,
 8192.0K,  84,  84,  84,  84,  84, 108, 108, 170, 170, 170, 170, 170, 170,
16384.0K,  84,  84,  84,  84,  84, 108, 108, 170, 170, 170, 169, 170, 170,
32768.0K,  85,  84,  84,  85,  85, 108, 108, 170, 170, 170, 170, 170, 170,
BenchMemLat exit code: 0x0100
L1D cacheline size: 64 bytes      [Mode:6 Size:    64K, Stride:   512, #NOP:  0, UnRoll:64]
L2  cacheline size:128 bytes      [Mode:6 Size:  4096K, Stride:   512, #NOP:  0, UnRoll:64]
Mem latency: 103.192ns( 165 clks) [Mode:1 Size: 16384K, Stride:  1024, #NOP: 29, UnRoll:64]
L1D latency:   1.868ns(   3 clks) [Mode:1 Size:    32K, Stride:    64, #NOP:  0, UnRoll:64]
L2  latency:   8.047ns(  13 clks) [Mode:1 Size:  2048K, Stride:   128, #NOP: 14, UnRoll:64]
Running time:    421 seconds.
