Copyright (C) 2003, 2009 Lavalys Consulting Group, Inc. All rights reserved.
everest_bench.dll build: 2.4.257.0 Jan 19 2009 01:57:35
CPUCount: 2, procMask: 0x00000003 Size of Memory: 523760KB Priority:080
CPU#00 Vendor: GenuineIntel CoreType:0x200006b1
CPU#00 Family: 6 Modell: 0b Stepping: 1 Type: "Intel(R) Pentium(R) III CPU family      1266MHz"
CPU#00 Features: TSC, FPU, CMOV, MMX, SSE, CMPXCHG8B
CPU#00 Frequency: 1263.07MHz  OS:5.1.2600 Service Pack 2
CPU#00 AffMask:0x00000001 APIC_ID:0x00000000 Phys_ID:000 Core_ID:00 SMT_ID:00 PhysMask:0x00000001 
CPU#00 L1I cache:    16KB,   32 byte cache line,  4 way, SMask:00000001
CPU#00 L1D cache:    16KB,   32 byte cache line,  4 way, SMask:00000001
CPU#00 L2  cache:   512KB,   32 byte cache line,  8 way, SMask:00000001
CPU#01 Vendor: GenuineIntel CoreType:0x200006b1
CPU#01 Family: 6 Modell: 0b Stepping: 1 Type: "Intel(R) Pentium(R) III CPU family      1266MHz"
CPU#01 Features: TSC, FPU, CMOV, MMX, SSE, CMPXCHG8B
CPU#01 Frequency: 1263.07MHz  OS:5.1.2600 Service Pack 2
CPU#01 AffMask:0x00000002 APIC_ID:0x00000000 Phys_ID:001 Core_ID:00 SMT_ID:00 PhysMask:0x00000002 
CPU#01 L1I cache:    16KB,   32 byte cache line,  4 way, SMask:00000002
CPU#01 L1D cache:    16KB,   32 byte cache line,  4 way, SMask:00000002
CPU#01 L2  cache:   512KB,   32 byte cache line,  8 way, SMask:00000002
CPU#00 AffMask:0x00000001 APIC_ID:0x00000000 Phys_ID:000 Core_ID:00 SMT_ID:00 PhysMask:0x00000001 
CPU#01 AffMask:0x00000002 APIC_ID:0x00000000 Phys_ID:001 Core_ID:00 SMT_ID:00 PhysMask:0x00000002 
Parameters: "-ph -d4094 -l "
Memory Latency ProcMask:0x00000001 #NOP:0
*** Linear Read Latency ***
Stride,     4,   8,  16,  32,  64, 128, 256, 512,  1K,  2K,  4K,  8K, 16K,
   0.25K,   3,   4,   3,   3,   3,   3,
   0.50K,   3,   3,   3,   3,   3,   3,   3,
    1.0K,   3,   3,   3,   3,   3,   3,   3,   3,
    2.0K,   3,   3,   3,   3,   3,   3,   3,   3,   3,
    4.0K,   3,   3,   3,   3,   3,   3,   3,   3,   3,   3,
    8.0K,   3,   3,   3,   3,   3,   3,   3,   3,   3,   3,   3,
   16.0K,   3,   3,   3,   3,   3,   3,   3,   3,   3,   3,   3,   3,
   32.0K,   4,   4,   5,   8,   8,   8,   8,   8,   8,   8,   8,   3,   3,
   64.0K,   4,   4,   5,   8,   8,   8,   8,   8,   8,   8,   8,   8,   3,
  128.0K,   4,   4,   5,   8,   8,   8,   8,   8,   8,   8,   8,   8,   8,
  256.0K,   5,   4,   5,   8,   8,   8,   8,   8,   8,   8,   8,   8,   8,
  512.0K,   8,   9,   6,   9,   9,   9,  10,  10,  12,  17,  19,  13,  13,
 1024.0K,   8,  15,  29,  56, 126, 127, 129, 133, 140, 156, 189,  25,  13,
 2048.0K,   8,  15,  30,  58, 126, 127, 129, 133, 141, 156, 189, 190,  25,
 4096.0K,   8,  15,  30,  58, 126, 127, 129, 132, 140, 157, 189, 189, 189,
 8192.0K,   8,  15,  30,  57, 126, 127, 129, 133, 141, 156, 189, 189, 189,
16384.0K,   8,  15,  30,  57, 126, 127, 129, 132, 140, 156, 189, 189, 189,
*** Backward Read Latency ***
Stride,     4,   8,  16,  32,  64, 128, 256, 512,  1K,  2K,  4K,  8K, 16K,
   0.25K,   3,   3,   3,   3,   3,   3,
   0.50K,   3,   3,   3,   3,   3,   3,   3,
    1.0K,   3,   3,   3,   3,   3,   3,   3,   3,
    2.0K,   3,   3,   3,   3,   3,   3,   3,   3,   3,
    4.0K,   3,   3,   3,   3,   3,   3,   3,   3,   3,   3,
    8.0K,   3,   3,   3,   3,   3,   3,   3,   3,   3,   3,   3,
   16.0K,   3,   3,   3,   3,   3,   3,   3,   3,   3,   3,   3,   3,
   32.0K,   4,   4,   5,   8,   8,   8,   8,   8,   8,   8,   8,   3,   3,
   64.0K,   4,   4,   5,   8,   8,   8,   8,   8,   8,   8,   8,   8,   3,
  128.0K,   4,   4,   5,   8,   8,   8,   8,   8,   8,   8,   8,   8,   8,
  256.0K,   4,   4,   5,   8,   8,   8,   8,   8,   8,   8,   8,   8,   8,
  512.0K,   4,   5,   6,   9,   9,   9,  10,  10,  12,  17,  25,  13,  13,
 1024.0K,  21,  39,  73, 126, 126, 127, 129, 132, 140, 156, 188,  25,  13,
 2048.0K,  21,  39,  73, 126, 126, 127, 129, 132, 140, 156, 189, 189,  25,
 4096.0K,  21,  39,  73, 126, 126, 127, 129, 132, 140, 156, 189, 189, 189,
 8192.0K,  21,  39,  73, 126, 126, 127, 129, 132, 140, 156, 188, 189, 278,
16384.0K,  21,  39,  73, 126, 126, 127, 129, 132, 140, 156, 189, 279, 189,
*** BlockRandom Read Latency ***
Block,      8,  16,  32,  64, 128, 256, 512,  1K,  2K,  4K,  8K, 16K,
   0.25K,   3,
   0.50K,   3,   3,
    1.0K,   3,   3,   3,
    2.0K,   3,   3,   3,   3,
    4.0K,   3,   3,   3,   3,   3,
    8.0K,   3,   3,   3,   3,   3,   3,
   16.0K,   3,   3,   3,   3,   3,   3,   3,
   32.0K,   8,   8,   8,   8,   8,   8,   8,   8,
   64.0K,   8,   8,   8,   8,   8,   8,   8,   8,   8,
  128.0K,   8,   8,   8,   8,   8,   8,   8,   8,   8,   8,
  256.0K,   8,   8,   8,   8,   8,   8,   8,   8,   8,   8,   8,
  512.0K,   9,   9,   9,   9,   9,   9,   9,   9,   9,   9,  10,  11,
 1024.0K,  69,  93, 110, 119, 124, 125, 138, 139, 161, 168, 173, 181,
 2048.0K,  72,  93, 110, 119, 124, 125, 146, 146, 160, 168, 173, 180,
 4096.0K,  72,  93, 110, 119, 124, 146, 134, 146, 163, 170, 175, 182,
 8192.0K,  72,  93, 110, 119, 124, 139, 142, 141, 158, 169, 174, 181,
16384.0K,  72,  94, 110, 119, 124, 137, 140, 140, 160, 170, 175, 181,
*** Random Read Latency ***
Stride,     4,   8,  16,  32,  64, 128, 256, 512,  1K,  2K,  4K,  8K, 16K,
   0.25K,   3,   3,   3,   3,   3,   3,
   0.50K,   3,   3,   3,   3,   3,   3,   3,
    1.0K,   3,   3,   3,   3,   3,   3,   3,   3,
    2.0K,   3,   3,   3,   3,   3,   3,   3,   3,   3,
    4.0K,   3,   3,   3,   3,   3,   3,   3,   3,   3,   3,
    8.0K,   3,   3,   3,   3,   3,   3,   3,   3,   3,   3,   3,
   16.0K,   3,   3,   3,   3,   3,   3,   3,   3,   3,   3,   3,   3,
   32.0K,   6,   6,   6,   8,   8,   8,   8,   8,   8,   8,   8,   3,   3,
   64.0K,   7,   7,   7,   8,   8,   8,   8,   8,   8,   8,   8,   8,   3,
  128.0K,   7,   7,   8,   8,   8,   8,   8,   8,   8,   8,   8,   8,   8,
  256.0K,   8,   8,   8,   8,   8,   8,   8,   8,   8,   8,   8,   8,   8,
  512.0K,  11,  11,  14,  11,  11,  12,  11,  12,  13,  16,  19,  13,  13,
 1024.0K, 105, 113, 132, 184, 184, 184, 184, 185, 185, 186, 189,  24,  13,
 2048.0K, 147, 152, 163, 186, 186, 187, 187, 187, 187, 188, 189, 189,  20,
 4096.0K, 168, 171, 176, 188, 188, 188, 188, 188, 188, 188, 189, 189, 188,
 8192.0K, 178, 180, 182, 188, 188, 188, 188, 189, 189, 189, 189, 190, 280,
16384.0K, 186, 187, 188, 191, 190, 189, 189, 190, 191, 190, 190, 190, 190,
*** CacheLine Forward Read Latency ***
Distance,   8,  16,  24,  32,  48,  64,  96, 128, 160, 192, 224, 256, 288,
    8.0K,   3,   3,   3,   3,   3,   3,   3,   3,   3,   3,   3,
   16.0K,   3,   3,   3,   3,   3,   3,   3,   3,   3,   3,   3,   3,
   32.0K,   6,   6,   6,   8,   8,   8,   8,   8,   8,   8,   8,   8,   8,
   64.0K,   6,   6,   6,   8,   8,   8,   8,   8,   8,   8,   8,   8,   8,
  128.0K,   6,   6,   6,   8,   8,   8,   8,   8,   8,   8,   8,   8,   8,
  256.0K,   6,   6,   6,   8,   8,   8,   8,   8,   8,   8,   8,   8,   8,
  512.0K,   7,   7,   7,  10,  10,  10,  10,  10,  10,  10,  10,  10,  10,
 1024.0K,  69,  69,  73, 100, 101, 132, 131, 132, 132, 131, 132, 132, 132,
 2048.0K,  69,  69,  74, 100, 100, 132, 132, 132, 131, 132, 132, 132, 132,
 4096.0K,  68,  69,  73,  99,  99, 131, 131, 131, 131, 131, 131, 131, 132,
 8192.0K,  69,  69,  73,  99,  99, 132, 132, 132, 132, 132, 132, 131, 131,
16384.0K,  68,  69,  73,  99,  99, 132, 132, 132, 131, 131, 131, 131, 132,
*** CacheLine Backward Read Latency ***
Distance,   8,  16,  24,  32,  48,  64,  96, 128, 160, 192, 224, 256, 288,
    8.0K,   3,   3,   3,   3,   3,   3,   3,   3,   3,   3,   3,
   16.0K,   3,   3,   3,   3,   3,   3,   3,   3,   3,   3,   3,   3,
   32.0K,   6,   6,   6,   8,   8,   8,   8,   8,   8,   8,   8,   8,   8,
   64.0K,   6,   6,   6,   8,   8,   8,   8,   8,   8,   8,   8,   8,   8,
  128.0K,   6,   6,   6,   8,   8,   8,   8,   8,   8,   8,   8,   8,   8,
  256.0K,   6,   6,   6,   8,   8,   8,   8,   8,   8,   8,   8,   8,   8,
  512.0K,   6,   7,   7,  10,  10,  10,  10,  10,  10,  10,  10,  10,  10,
 1024.0K,  68,  69,  73, 131, 132, 132, 131, 131, 131, 131, 131, 131, 131,
 2048.0K,  68,  69,  73, 131, 131, 131, 131, 131, 131, 131, 131, 131, 131,
 4096.0K,  68,  69,  73, 131, 131, 131, 131, 131, 131, 132, 131, 132, 132,
 8192.0K,  69,  69,  74, 132, 132, 132, 131, 131, 131, 131, 131, 131, 131,
16384.0K,  69,  69,  74, 132, 132, 132, 132, 131, 132, 132, 132, 132, 132,
BenchMemLat exit code: 0x0100
L1D cacheline size: 32 bytes      [Mode:6 Size:    32K, Stride:   512, #NOP:  0, UnRoll:64]
L2  cacheline size: 32 bytes      [Mode:6 Size:  1024K, Stride:   512, #NOP:  0, UnRoll:64]
Mem latency: 107.338ns( 136 clks) [Mode:1 Size: 16384K, Stride:  1024, #NOP:126, UnRoll:64]
L1D latency:   2.350ns(   3 clks) [Mode:1 Size:    16K, Stride:    32, #NOP:  0, UnRoll:64]
L2  latency:   7.532ns(  10 clks) [Mode:1 Size:   512K, Stride:    32, #NOP: 71, UnRoll:64]
Running time:    287 seconds.
