Copyright (C) 2003, 2009 Lavalys Consulting Group, Inc. All rights reserved.
everest_bench.dll build: 2.4.257.0 Jan 19 2009 01:57:35
CPUCount: 2, procMask: 0x00000003 Size of Memory: 523760KB Priority:080
CPU#00 Vendor: GenuineIntel CoreType:0x20000673
CPU#00 Family: 6 Modell: 07 Stepping: 3
CPU#00 Features: TSC, FPU, CMOV, MMX, SSE, CMPXCHG8B
CPU#00 Frequency:  501.15MHz  OS:5.1.2600 Service Pack 2
CPU#00 AffMask:0x00000001 APIC_ID:0x00000000 Phys_ID:000 Core_ID:00 SMT_ID:00 PhysMask:0x00000001 
CPU#00 L1I cache:    16KB,   32 byte cache line,  4 way, SMask:00000001
CPU#00 L1D cache:    16KB,   32 byte cache line,  4 way, SMask:00000001
CPU#00 L2  cache:   512KB,   32 byte cache line,  4 way, SMask:00000001
CPU#01 Vendor: GenuineIntel CoreType:0x20000673
CPU#01 Family: 6 Modell: 07 Stepping: 3
CPU#01 Features: TSC, FPU, CMOV, MMX, SSE, CMPXCHG8B
CPU#01 Frequency:  501.14MHz  OS:5.1.2600 Service Pack 2
CPU#01 AffMask:0x00000002 APIC_ID:0x00000000 Phys_ID:001 Core_ID:00 SMT_ID:00 PhysMask:0x00000002 
CPU#01 L1I cache:    16KB,   32 byte cache line,  4 way, SMask:00000002
CPU#01 L1D cache:    16KB,   32 byte cache line,  4 way, SMask:00000002
CPU#01 L2  cache:   512KB,   32 byte cache line,  4 way, SMask:00000002
CPU#00 AffMask:0x00000001 APIC_ID:0x00000000 Phys_ID:000 Core_ID:00 SMT_ID:00 PhysMask:0x00000001 
CPU#01 AffMask:0x00000002 APIC_ID:0x00000000 Phys_ID:001 Core_ID:00 SMT_ID:00 PhysMask:0x00000002 
Parameters: "-ph -d4094 -l "
Memory Latency ProcMask:0x00000001 #NOP:0
*** Linear Read Latency ***
Stride,     4,   8,  16,  32,  64, 128, 256, 512,  1K,  2K,  4K,  8K, 16K,
   0.25K,   3,   3,   3,   3,   3,   3,
   0.50K,   3,   3,   3,   3,   3,   3,   3,
    1.0K,   3,   3,   3,   3,   3,   3,   3,   3,
    2.0K,   3,   3,   3,   3,   3,   3,   3,   3,   3,
    4.0K,   3,   3,   3,   3,   3,   3,   3,   3,   3,   3,
    8.0K,   3,   3,   3,   3,   3,   3,   3,   3,   3,   3,   3,
   16.0K,   3,   3,   3,   3,   3,   3,   3,   3,   3,   3,   3,   3,
   32.0K,   5,   9,  15,  22,  22,  22,  22,  22,  22,  22,  22,   3,   3,
   64.0K,   5,   9,  15,  22,  22,  22,  22,  22,  22,  22,  22,  22,   3,
  128.0K,   5,   9,  15,  22,  22,  22,  22,  22,  22,  22,  22,  22,  22,
  256.0K,   5,   9,  15,  22,  22,  22,  22,  22,  22,  22,  22,  22,  22,
  512.0K,   5,   9,  15,  22,  22,  23,  23,  23,  24,  26,  29,  26,  27,
 1024.0K,  14,  25,  51,  81,  81,  81,  82,  83,  85,  90, 105,  29,  26,
 2048.0K,  14,  25,  51,  81,  81,  81,  82,  83,  85,  90, 105, 106,  29,
 4096.0K,  14,  25,  51,  81,  81,  81,  82,  83,  85,  89, 104, 105, 104,
 8192.0K,  14,  25,  51,  81,  81,  81,  82,  83,  85,  89, 104, 141, 105,
16384.0K,  14,  25,  51,  81,  81,  81,  82,  83,  85,  90, 105, 105, 105,
*** Backward Read Latency ***
Stride,     4,   8,  16,  32,  64, 128, 256, 512,  1K,  2K,  4K,  8K, 16K,
   0.25K,   3,   3,   3,   3,   3,   3,
   0.50K,   3,   3,   3,   3,   3,   3,   3,
    1.0K,   3,   3,   3,   3,   3,   3,   3,   3,
    2.0K,   3,   3,   3,   3,   3,   3,   3,   3,   3,
    4.0K,   3,   3,   3,   3,   3,   3,   3,   3,   3,   3,
    8.0K,   3,   3,   3,   3,   3,   3,   3,   3,   3,   3,   3,
   16.0K,   3,   3,   3,   3,   3,   3,   3,   3,   3,   3,   3,   3,
   32.0K,   5,   9,  15,  22,  22,  22,  22,  22,  22,  22,  22,   3,   3,
   64.0K,   5,   9,  15,  22,  22,  22,  22,  22,  22,  22,  22,  22,   3,
  128.0K,   5,   9,  15,  22,  22,  22,  22,  22,  22,  22,  22,  22,  22,
  256.0K,   5,   9,  15,  22,  22,  22,  22,  22,  22,  22,  22,  22,  22,
  512.0K,   5,   9,  15,  22,  22,  22,  23,  23,  24,  26,  29,  26,  27,
 1024.0K,  14,  25,  51,  81,  81,  81,  81,  83,  85,  89, 105,  29,  26,
 2048.0K,  14,  25,  51,  81,  81,  81,  82,  83,  85,  89, 104, 104,  29,
 4096.0K,  14,  25,  51,  81,  81,  81,  82,  83,  86,  90, 105, 105, 105,
 8192.0K,  14,  25,  51,  81,  81,  81,  82,  83,  85,  89, 104, 104, 104,
16384.0K,  14,  25,  51,  81,  81,  81,  82,  83,  85,  89, 104, 140, 105,
*** BlockRandom Read Latency ***
Block,      8,  16,  32,  64, 128, 256, 512,  1K,  2K,  4K,  8K, 16K,
   0.25K,   3,
   0.50K,   3,   3,
    1.0K,   3,   3,   3,
    2.0K,   3,   3,   3,   3,
    4.0K,   3,   3,   3,   3,   3,
    8.0K,   3,   3,   3,   3,   3,   3,
   16.0K,   3,   3,   3,   3,   3,   3,   3,
   32.0K,  22,  22,  22,  22,  22,  22,  22,  22,
   64.0K,  22,  22,  22,  22,  22,  22,  22,  22,  22,
  128.0K,  22,  22,  22,  22,  22,  22,  22,  22,  22,  22,
  256.0K,  22,  22,  22,  22,  22,  22,  22,  22,  22,  22,  22,
  512.0K,  22,  22,  22,  22,  22,  22,  22,  22,  22,  22,  22,  24,
 1024.0K,  81,  81,  81,  81,  81,  81,  87,  88,  92,  97,  98, 101,
 2048.0K,  81,  81,  81,  81,  81,  87,  89,  87,  93,  95,  98, 101,
 4096.0K,  81,  81,  81,  81,  81,  81,  84,  86,  91,  96,  98, 101,
 8192.0K,  81,  81,  81,  81,  81,  81,  88,  91,  93,  96,  98, 101,
16384.0K,  81,  81,  81,  81,  81,  82,  89,  92,  93,  96,  98, 101,
*** Random Read Latency ***
Stride,     4,   8,  16,  32,  64, 128, 256, 512,  1K,  2K,  4K,  8K, 16K,
   0.25K,   3,   3,   3,   3,   3,   3,
   0.50K,   3,   3,   3,   3,   3,   3,   3,
    1.0K,   3,   3,   3,   3,   3,   3,   3,   3,
    2.0K,   3,   3,   3,   3,   3,   3,   3,   3,   3,
    4.0K,   3,   3,   3,   3,   3,   3,   3,   3,   3,   3,
    8.0K,   3,   3,   3,   3,   3,   3,   3,   3,   3,   3,   3,
   16.0K,   3,   3,   3,   3,   3,   3,   3,   3,   3,   3,   3,   3,
   32.0K,  13,  14,  16,  22,  22,  22,  22,  22,  22,  22,  22,   3,   3,
   64.0K,  18,  18,  19,  22,  22,  22,  22,  22,  22,  22,  22,  22,   3,
  128.0K,  20,  20,  21,  22,  22,  22,  22,  22,  22,  22,  22,  22,  22,
  256.0K,  21,  21,  21,  22,  22,  22,  22,  22,  22,  22,  22,  22,  22,
  512.0K,  24,  24,  24,  24,  24,  24,  24,  25,  25,  26,  29,  27,  27,
 1024.0K,  67,  71,  80, 103, 103, 103, 104, 103, 104, 104, 106,  28,  27,
 2048.0K,  87,  89,  94, 105, 105, 105, 105, 105, 105, 105, 105, 105,  29,
 4096.0K,  98,  99, 101, 106, 107, 107, 106, 106, 105, 105, 105, 105, 105,
 8192.0K, 107, 108, 109, 111, 111, 109, 107, 106, 106, 106, 105, 142, 105,
16384.0K, 118, 118, 118, 119, 115, 111, 109, 108, 107, 107, 107, 107, 145,
*** CacheLine Forward Read Latency ***
Distance,   8,  16,  24,  32,  48,  64,  96, 128, 160, 192, 224, 256, 288,
    8.0K,   3,   3,   3,   3,   3,   3,   3,   3,   3,   3,   3,
   16.0K,   3,   3,   3,   3,   3,   3,   3,   3,   3,   3,   3,   3,
   32.0K,  12,  12,  12,  22,  22,  22,  22,  22,  22,  22,  22,  22,  22,
   64.0K,  12,  12,  12,  22,  22,  22,  22,  22,  22,  22,  22,  22,  22,
  128.0K,  12,  12,  12,  22,  22,  22,  22,  22,  22,  22,  22,  22,  22,
  256.0K,  12,  12,  12,  22,  22,  22,  22,  22,  22,  22,  22,  22,  22,
  512.0K,  13,  13,  13,  23,  23,  23,  23,  23,  23,  23,  23,  23,  23,
 1024.0K,  41,  41,  41,  86,  86,  87,  86,  86,  86,  86,  86,  86,  86,
 2048.0K,  41,  41,  41,  86,  86,  86,  86,  86,  86,  86,  86,  86,  86,
 4096.0K,  41,  41,  41,  86,  86,  86,  87,  87,  87,  87,  87,  87,  87,
 8192.0K,  41,  41,  41,  87,  87,  87,  87,  87,  86,  86,  86,  87,  86,
16384.0K,  42,  41,  41,  87,  87,  87,  87,  87,  87,  87,  87,  87,  87,
*** CacheLine Backward Read Latency ***
Distance,   8,  16,  24,  32,  48,  64,  96, 128, 160, 192, 224, 256, 288,
    8.0K,   3,   3,   3,   3,   3,   3,   3,   3,   3,   3,   3,
   16.0K,   3,   3,   3,   3,   3,   3,   3,   3,   3,   3,   3,   3,
   32.0K,  12,  12,  12,  22,  22,  22,  22,  22,  22,  22,  22,  22,  22,
   64.0K,  12,  12,  12,  22,  22,  22,  22,  22,  22,  22,  22,  22,  22,
  128.0K,  12,  12,  12,  22,  22,  22,  22,  22,  22,  22,  22,  22,  22,
  256.0K,  12,  12,  12,  22,  22,  22,  22,  22,  22,  22,  22,  22,  22,
  512.0K,  13,  13,  13,  23,  23,  23,  23,  23,  23,  23,  23,  23,  23,
 1024.0K,  41,  41,  41,  87,  86,  86,  86,  86,  86,  86,  86,  86,  86,
 2048.0K,  41,  41,  41,  86,  86,  86,  87,  86,  86,  86,  86,  86,  86,
 4096.0K,  41,  41,  41,  87,  86,  86,  86,  86,  86,  86,  86,  86,  86,
 8192.0K,  41,  41,  41,  87,  87,  87,  87,  86,  87,  87,  87,  86,  87,
16384.0K,  41,  41,  41,  87,  87,  87,  87,  87,  87,  87,  87,  87,  87,
BenchMemLat exit code: 0x0100
L1D cacheline size: 32 bytes      [Mode:6 Size:    32K, Stride:   512, #NOP:  0, UnRoll:64]
L2  cacheline size: 32 bytes      [Mode:6 Size:  1024K, Stride:   512, #NOP:  0, UnRoll:64]
Mem latency: 164.845ns(  83 clks) [Mode:1 Size: 16384K, Stride:  1024, #NOP: 84, UnRoll:64]
L1D latency:   6.411ns(   3 clks) [Mode:1 Size:    16K, Stride:    32, #NOP:  0, UnRoll:64]
L2  latency:  42.601ns(  21 clks) [Mode:1 Size:   512K, Stride:    32, #NOP:  5, UnRoll:64]
Running time:    560 seconds.
