Copyright (C) 2003, 2009 Lavalys Consulting Group, Inc. All rights reserved.
everest_bench.dll build: 2.4.257.0 Jan 19 2009 01:57:35
CPUCount: 1, procMask: 0x00000001 Size of Memory: 261688KB Priority:080
CPU#00 Vendor: GenuineIntel CoreType:0x20000651
CPU#00 Family: 6 Modell: 05 Stepping: 1
CPU#00 Features: TSC, FPU, CMOV, MMX, CMPXCHG8B
CPU#00 Frequency:  267.24MHz  OS:5.0.2195 Service Pack 4
CPU#00 AffMask:0x00000001 APIC_ID:0x00000000 Phys_ID:000 Core_ID:00 SMT_ID:00 PhysMask:0x00000001 
CPU#00 L1I cache:    16KB,   32 byte cache line,  4 way, SMask:00000001
CPU#00 L1D cache:    16KB,   32 byte cache line,  4 way, SMask:00000001
CPU#00 AffMask:0x00000001 APIC_ID:0x00000000 Phys_ID:000 Core_ID:00 SMT_ID:00 PhysMask:0x00000001 
Parameters: "-ph -d4094 -l "
Memory Latency ProcMask:0x00000001 #NOP:0
*** Linear Read Latency ***
Stride,     4,   8,  16,  32,  64, 128, 256, 512,  1K,  2K,  4K,  8K, 16K,
   0.25K,   3,   3,   3,   3,   3,   3,
   0.50K,   3,   3,   3,   3,   3,   3,   3,
    1.0K,   3,   3,   3,   3,   3,   3,   3,   3,
    2.0K,   3,   3,   3,   3,   3,   3,   3,   3,   3,
    4.0K,   3,   3,   3,   3,   3,   3,   3,   3,   3,   3,
    8.0K,   3,   3,   3,   3,   3,   3,   3,   3,   3,   3,   3,
   16.0K,   3,   3,   3,   3,   3,   3,   3,   3,   3,   3,   3,   3,
   32.0K,  12,  22,  43,  77,  77,  77,  79,  79,  84,  92,  93,   2,   1,
   64.0K,  12,  22,  43,  77,  77,  78,  79,  80,  84,  92,  92,  93,   6,
  128.0K,  12,  22,  43,  77,  77,  78,  79,  80,  84,  91,  92,  86,  91,
  256.0K,  12,  22,  43,  77,  77,  78,  79,  80,  84,  92,  93,  92,  92,
  512.0K,  12,  22,  43,  77,  77,  78,  79,  81,  85,  94,  96,  96,  96,
 1024.0K,  12,  22,  43,  77,  77,  78,  79,  81,  86,  95,  97,  97,  98,
 2048.0K,  12,  22,  43,  77,  78,  78,  79,  81,  86,  95,  97,  97,  97,
 4096.0K,  12,  22,  43,  77,  78,  78,  79,  81,  86,  95,  97,  97,  97,
 8192.0K,  12,  22,  43,  77,  78,  78,  79,  81,  86,  95,  97,  97,  97,
16384.0K,  12,  22,  43,  77,  78,  78,  79,  82,  86,  95,  97,  97,  98,
*** Backward Read Latency ***
Stride,     4,   8,  16,  32,  64, 128, 256, 512,  1K,  2K,  4K,  8K, 16K,
   0.25K,   3,   3,   3,   3,   3,   3,
   0.50K,   3,   3,   3,   3,   3,   3,   3,
    1.0K,   3,   3,   3,   3,   3,   3,   3,   3,
    2.0K,   3,   3,   3,   3,   3,   3,   3,   3,   3,
    4.0K,   3,   3,   3,   3,   3,   3,   3,   3,   3,   3,
    8.0K,   3,   3,   3,   3,   3,   3,   3,   3,   3,   3,   3,
   16.0K,   3,   3,   3,   3,   3,   3,   3,   3,   3,   3,   3,   3,
   32.0K,  12,  22,  43,  77,  77,  77,  79,  79,  84,  92,  93,   2,   1,
   64.0K,  12,  22,  43,  77,  77,  78,  78,  80,  84,  92,  92,  92,   6,
  128.0K,  12,  22,  43,  77,  77,  78,  79,  80,  84,  91,  92,  87,  91,
  256.0K,  12,  22,  43,  77,  77,  78,  79,  80,  84,  92,  92,  92,  92,
  512.0K,  12,  22,  43,  77,  77,  78,  79,  81,  85,  94,  96,  96,  96,
 1024.0K,  12,  22,  43,  77,  77,  78,  79,  81,  85,  95,  97,  97,  98,
 2048.0K,  12,  22,  43,  77,  77,  78,  79,  81,  86,  95,  97,  97,  97,
 4096.0K,  12,  22,  43,  77,  78,  78,  79,  81,  86,  95,  97,  97,  97,
 8192.0K,  12,  22,  43,  77,  78,  78,  79,  81,  86,  95,  97,  97,  97,
16384.0K,  12,  22,  43,  77,  78,  78,  79,  82,  86,  95,  97,  97,  98,
*** BlockRandom Read Latency ***
Block,      8,  16,  32,  64, 128, 256, 512,  1K,  2K,  4K,  8K, 16K,
   0.25K,   3,
   0.50K,   3,   3,
    1.0K,   3,   3,   3,
    2.0K,   3,   3,   3,   3,
    4.0K,   3,   3,   3,   3,   3,
    8.0K,   3,   3,   3,   3,   3,   3,
   16.0K,   3,   3,   3,   3,   3,   3,   3,
   32.0K,  77,  77,  77,  77,  85,  87,  90,  91,
   64.0K,  77,  77,  77,  77,  85,  87,  89,  90,  92,
  128.0K,  77,  77,  77,  77,  85,  87,  89,  91,  92,  92,
  256.0K,  77,  77,  77,  77,  85,  87,  90,  91,  92,  92,  92,
  512.0K,  77,  77,  77,  77,  85,  88,  90,  91,  92,  92,  92,  94,
 1024.0K,  77,  77,  77,  77,  85,  87,  89,  91,  92,  92,  93,  95,
 2048.0K,  77,  77,  77,  77,  85,  87,  89,  91,  92,  92,  93,  95,
 4096.0K,  77,  77,  77,  77,  85,  87,  90,  91,  92,  92,  93,  95,
 8192.0K,  77,  77,  77,  77,  85,  87,  89,  91,  92,  92,  93,  95,
16384.0K,  77,  77,  77,  77,  85,  87,  90,  91,  92,  92,  93,  95,
*** Random Read Latency ***
Stride,     4,   8,  16,  32,  64, 128, 256, 512,  1K,  2K,  4K,  8K, 16K,
   0.25K,   3,   3,   3,   3,   3,   3,
   0.50K,   3,   3,   3,   3,   3,   3,   3,
    1.0K,   3,   3,   3,   3,   3,   3,   3,   3,
    2.0K,   3,   3,   3,   3,   3,   3,   3,   3,   3,
    4.0K,   3,   3,   3,   3,   3,   3,   3,   3,   3,   3,
    8.0K,   3,   3,   3,   3,   3,   3,   3,   3,   3,   3,   3,
   16.0K,   3,   3,   3,   3,   3,   3,   3,   3,   3,   3,   3,   3,
   32.0K,  50,  55,  64,  91,  90,  91,  90,  89,  91,  92,  93,   2,   1,
   64.0K,  72,  74,  80,  92,  92,  91,  92,  90,  91,  92,  92,  92,   6,
  128.0K,  82,  84,  86,  92,  92,  92,  92,  92,  91,  91,  92,  86,  93,
  256.0K,  88,  88,  89,  92,  92,  92,  92,  92,  92,  92,  92,  92,  92,
  512.0K,  92,  92,  93,  94,  95,  95,  95,  95,  95,  95,  97,  96,  96,
 1024.0K,  95,  95,  95,  96,  96,  97,  98,  98,  97,  98,  99,  99,  99,
 2048.0K,  97,  97,  97,  97,  99, 100, 100,  99,  98,  98,  98,  98,  98,
 4096.0K, 102, 102, 102, 102, 105, 105, 103, 100,  99,  98,  97,  97,  97,
 8192.0K, 121, 121, 121, 121, 118, 111, 106, 102,  99,  98,  98,  98,  98,
16384.0K, 148, 148, 148, 148, 130, 117, 109, 104, 102, 101, 100, 100, 100,
*** CacheLine Forward Read Latency ***
Distance,   8,  16,  24,  32,  48,  64,  96, 128, 160, 192, 224, 256, 288,
    8.0K,   3,   3,   3,   3,   3,   3,   3,   3,   3,   3,   3,
   16.0K,   3,   3,   3,   3,   3,   3,   3,   3,   3,   3,   3,   3,
   32.0K,  42,  42,  42,  78,  78,  78,  78,  78,  78,  78,  78,  78,  78,
   64.0K,  42,  42,  42,  78,  78,  78,  78,  78,  79,  79,  79,  78,  78,
  128.0K,  43,  43,  43,  79,  79,  79,  79,  79,  79,  79,  79,  79,  79,
  256.0K,  43,  43,  43,  79,  79,  79,  79,  79,  79,  79,  79,  79,  79,
  512.0K,  43,  43,  43,  79,  79,  79,  79,  79,  79,  79,  79,  79,  79,
 1024.0K,  43,  43,  43,  79,  79,  79,  79,  79,  79,  79,  79,  79,  79,
 2048.0K,  43,  43,  43,  79,  79,  79,  79,  79,  79,  79,  79,  79,  79,
 4096.0K,  43,  43,  43,  79,  79,  79,  79,  79,  79,  79,  79,  79,  79,
 8192.0K,  43,  43,  43,  79,  79,  79,  79,  79,  79,  79,  79,  79,  79,
16384.0K,  43,  43,  43,  79,  79,  79,  79,  79,  79,  79,  79,  79,  79,
*** CacheLine Backward Read Latency ***
Distance,   8,  16,  24,  32,  48,  64,  96, 128, 160, 192, 224, 256, 288,
    8.0K,   3,   3,   3,   3,   3,   3,   3,   3,   3,   3,   3,
   16.0K,   3,   3,   3,   3,   3,   3,   3,   3,   3,   3,   3,   3,
   32.0K,  42,  42,  42,  78,  78,  78,  78,  78,  78,  78,  78,  78,  78,
   64.0K,  42,  42,  42,  78,  78,  78,  78,  78,  78,  78,  79,  78,  79,
  128.0K,  43,  43,  43,  79,  79,  79,  79,  79,  79,  79,  79,  79,  79,
  256.0K,  43,  43,  43,  79,  79,  79,  79,  79,  79,  79,  79,  79,  79,
  512.0K,  43,  43,  43,  79,  79,  79,  79,  79,  79,  79,  79,  79,  79,
 1024.0K,  43,  43,  43,  79,  79,  79,  79,  79,  79,  79,  79,  79,  79,
 2048.0K,  43,  43,  43,  79,  79,  79,  79,  79,  79,  79,  79,  79,  79,
 4096.0K,  43,  43,  43,  79,  79,  79,  79,  79,  79,  79,  79,  79,  79,
 8192.0K,  43,  43,  43,  79,  79,  79,  79,  79,  79,  79,  79,  79,  79,
16384.0K,  43,  43,  43,  79,  79,  79,  79,  79,  79,  79,  79,  79,  79,
BenchMemLat exit code: 0x0100
L1D cacheline size: 32 bytes      [Mode:6 Size:    32K, Stride:   512, #NOP:  0, UnRoll:32]
Mem latency: 316.621ns(  85 clks) [Mode:1 Size: 16384K, Stride:  1024, #NOP:114, UnRoll:16]
L1D latency:  11.105ns(   3 clks) [Mode:1 Size:    16K, Stride:    32, #NOP:  0, UnRoll:64]
Running time:    783 seconds.
