Copyright (C) 2003, 2009 Lavalys Consulting Group, Inc. All rights reserved.
everest_bench.dll build: 2.4.257.0 Jan 19 2009 01:57:35
CPUCount: 2, procMask: 0x00000003 Size of Memory: 2086736KB Priority:080
CPU#00 Vendor: GenuineIntel CoreType:0x200106c2
CPU#00 Family: 6 Model: 1c Stepping: 2 Type: "         Intel(R) Atom(TM) CPU  230   @ 1.60GHz"
CPU#00 Features: TSC, FPU, CMOV, MMX, SSE, SSE2, SSE3, SSSE3, CMPXCHG8B, MOVBE, HTT
CPU#00 Frequency: 1595.92MHz  OS:5.1.2600 Service Pack 2
CPU#00 AffMask:0x00000001 APIC_ID:0x00000000 Phys_ID:000 Core_ID:00 SMT_ID:00 PhysMask:0x00000003 
CPU#00 L1I cache:    32KB,   64 byte cache line,  8 way, SMask:00000003
CPU#00 L1D cache:    24KB,   64 byte cache line,  6 way, SMask:00000003
CPU#00 L2  cache:   512KB,   64 byte cache line,  8 way, SMask:00000003
CPU#01 Vendor: GenuineIntel CoreType:0x200106c2
CPU#01 Family: 6 Model: 1c Stepping: 2 Type: "         Intel(R) Atom(TM) CPU  230   @ 1.60GHz"
CPU#01 Features: TSC, FPU, CMOV, MMX, SSE, SSE2, SSE3, SSSE3, CMPXCHG8B, MOVBE, HTT
CPU#01 Frequency: 1595.88MHz  OS:5.1.2600 Service Pack 2
CPU#01 AffMask:0x00000002 APIC_ID:0x00000001 Phys_ID:000 Core_ID:00 SMT_ID:01 PhysMask:0x00000003 
CPU#01 L1I cache:    32KB,   64 byte cache line,  8 way, SMask:00000003
CPU#01 L1D cache:    24KB,   64 byte cache line,  6 way, SMask:00000003
CPU#01 L2  cache:   512KB,   64 byte cache line,  8 way, SMask:00000003
CPU#00 AffMask:0x00000001 APIC_ID:0x00000000 Phys_ID:000 Core_ID:00 SMT_ID:00 PhysMask:0x00000003 
CPU#01 AffMask:0x00000002 APIC_ID:0x00000001 Phys_ID:000 Core_ID:00 SMT_ID:01 PhysMask:0x00000003 
Parameters: "-ph -d4094 -l "
Memory Latency ProcMask:0x00000001 #NOP:0
*** Linear Read Latency ***
Stride,     4,   8,  16,  32,  64, 128, 256, 512,  1K,  2K,  4K,  8K, 16K,
   0.25K,   3,   3,   3,   3,   3,   3,
   0.50K,   3,   3,   3,   3,   3,   3,   3,
    1.0K,   3,   3,   3,   3,   3,   3,   3,   3,
    2.0K,   3,   3,   3,   3,   3,   3,   3,   3,   3,
    4.0K,   3,   3,   3,   3,   3,   3,   3,   3,   3,   3,
    8.0K,   3,   3,   3,   3,   3,   3,   3,   3,   3,   3,   3,
   16.0K,   3,   3,   3,   3,   3,   3,   3,   3,   3,   3,   3,   3,
   32.0K,   4,   4,   5,   9,  17,  16,  16,  16,  16,  16,  17,   3,   3,
   64.0K,   4,   4,   5,   9,  17,  16,  16,  16,  16,  16,  17,  17,   3,
  128.0K,   4,   4,   5,  10,  18,  16,  16,  17,  18,  19,  22,  17,  17,
  256.0K,   4,   4,   5,  10,  18,  16,  16,  17,  18,  19,  22,  22,  17,
  512.0K,   4,   4,   6,  10,  19,  19,  20,  22,  25,  33,  50,  38,  39,
 1024.0K,   4,   5,   8,  14,  29,  58, 111, 196, 197, 201, 215,  50,  39,
 2048.0K,   4,   5,   8,  15,  29,  58, 114, 186, 198, 193, 200, 214,  49,
 4096.0K,   4,   5,   8,  15,  29,  57, 115, 188, 188, 205, 214, 201, 216,
 8192.0K,   4,   5,   8,  15,  30,  58, 113, 195, 191, 201, 212, 214, 215,
16384.0K,   4,   5,   8,  15,  30,  59, 114, 196, 196, 201, 204, 205, 222,
*** Backward Read Latency ***
Stride,     4,   8,  16,  32,  64, 128, 256, 512,  1K,  2K,  4K,  8K, 16K,
   0.25K,   3,   3,   3,   3,   3,   3,
   0.50K,   3,   3,   3,   3,   3,   3,   3,
    1.0K,   3,   3,   3,   3,   3,   3,   3,   3,
    2.0K,   3,   3,   3,   3,   3,   3,   3,   3,   3,
    4.0K,   3,   3,   3,   3,   3,   3,   3,   3,   3,   3,
    8.0K,   3,   3,   3,   3,   3,   3,   3,   3,   3,   3,   3,
   16.0K,   3,   3,   3,   3,   3,   3,   3,   3,   3,   3,   3,   3,
   32.0K,   4,   5,   8,  12,  15,  16,  16,  16,  16,  16,  17,   3,   3,
   64.0K,   4,   5,   8,  12,  15,  16,  16,  16,  16,  16,  17,  15,   3,
  128.0K,   4,   5,   8,  13,  15,  16,  16,  17,  18,  19,  22,  17,  17,
  256.0K,   4,   5,   8,  13,  15,  16,  16,  17,  18,  19,  22,  22,  17,
  512.0K,   4,   5,   8,  13,  16,  18,  19,  22,  25,  33,  50,  38,  39,
 1024.0K,   4,   6,   9,  16,  29,  58, 118, 153, 164, 172, 215,  50,  39,
 2048.0K,   4,   6,   9,  16,  30,  60, 119, 153, 164, 176, 213, 215,  50,
 4096.0K,   4,   6,   9,  16,  30,  57, 122, 156, 164, 177, 213, 200, 216,
 8192.0K,   4,   6,   9,  16,  30,  58, 122, 156, 163, 175, 214, 214, 202,
16384.0K,   4,   6,   9,  16,  30,  58, 123, 158, 165, 173, 205, 221, 372,
*** BlockRandom Read Latency ***
Block,      8,  16,  32,  64, 128, 256, 512,  1K,  2K,  4K,  8K, 16K,
   0.50K,   3,
    1.0K,   3,   3,
    2.0K,   3,   3,   3,
    4.0K,   3,   3,   3,   3,
    8.0K,   3,   3,   3,   3,   3,
   16.0K,   3,   3,   3,   3,   3,   3,
   32.0K,  13,  12,  11,  11,  11,  11,  10,
   64.0K,  13,  12,  12,  11,  11,  12,  12,  13,
  128.0K,  13,  12,  12,  11,  11,  11,  12,  14,  18,
  256.0K,  13,  12,  12,  11,  11,  11,  12,  14,  18,  20,
  512.0K,  14,  13,  13,  13,  14,  14,  15,  16,  20,  25,  31,
 1024.0K,  29,  43,  62,  73,  83,  90,  94,  97, 101, 105, 117, 154,
 2048.0K,  30,  42,  63,  74,  85,  91,  95,  99, 102, 104, 116, 159,
 4096.0K,  30,  44,  63,  75,  83,  89,  93,  98, 103, 105, 115, 158,
 8192.0K,  31,  44,  63,  74,  82,  89,  94,  98, 103, 104, 115, 158,
16384.0K,  31,  44,  63,  75,  82,  88,  94,  98, 102, 104, 115, 158,
*** Random Read Latency ***
Stride,     4,   8,  16,  32,  64, 128, 256, 512,  1K,  2K,  4K,  8K, 16K,
   0.25K,   3,   3,   3,   3,   3,   3,
   0.50K,   3,   3,   3,   3,   3,   3,   3,
    1.0K,   3,   3,   3,   3,   3,   3,   3,   3,
    2.0K,   3,   3,   3,   3,   3,   3,   3,   3,   3,
    4.0K,   3,   3,   3,   3,   3,   3,   3,   3,   3,   3,
    8.0K,   3,   3,   3,   3,   3,   3,   3,   3,   3,   3,   3,
   16.0K,   3,   3,   3,   3,   3,   3,   3,   3,   3,   3,   3,   3,
   32.0K,   6,   6,   7,   8,  10,  16,  16,  16,  16,  16,  15,   3,   3,
   64.0K,  11,  11,  12,  12,  13,  16,  16,  16,  16,  16,  17,  16,   3,
  128.0K,  17,  17,  17,  17,  18,  19,  19,  19,  19,  20,  22,  16,  16,
  256.0K,  19,  19,  19,  19,  20,  20,  20,  21,  21,  21,  22,  22,  16,
  512.0K,  29,  29,  29,  30,  31,  32,  31,  33,  34,  37,  43,  39,  39,
 1024.0K, 120, 121, 125, 131, 151, 185, 194, 195, 200, 199, 213,  49,  39,
 2048.0K, 162, 163, 165, 169, 178, 193, 196, 200, 197, 206, 212, 213,  41,
 4096.0K, 184, 185, 186, 188, 192, 199, 200, 201, 200, 200, 215, 205, 215,
 8192.0K, 197, 197, 198, 199, 201, 205, 202, 202, 205, 210, 217, 217, 204,
16384.0K, 206, 206, 207, 207, 208, 211, 210, 212, 215, 217, 214, 225, 227,
*** CacheLine Forward Read Latency ***
Distance,   8,  16,  24,  32,  48,  64,  96, 128, 160, 192, 224, 256, 288,
    8.0K,   4,   4,   4,   4,   4,   4,   4,   4,   4,   4,   4,
   16.0K,   4,   4,   4,   4,   4,   4,   4,   4,   4,   4,   4,   4,
   32.0K,  10,  10,  10,  10,  10,  10,  10,  16,  16,  16,  16,  16,  16,
   64.0K,  10,  10,  10,  10,  10,  10,  10,  16,  16,  16,  16,  16,  16,
  128.0K,  10,  10,  10,  10,  10,  10,  10,  16,  16,  16,  16,  16,  16,
  256.0K,  10,  10,  10,  10,  10,  10,  10,  16,  16,  16,  16,  16,  16,
  512.0K,  13,  13,  13,  13,  13,  13,  13,  19,  19,  19,  19,  19,  19,
 1024.0K,  92, 114,  86,  88,  94, 114, 118,  88,  93,  93,  88,  95,  95,
 2048.0K,  92,  94,  91,  91,  92, 116, 117,  94,  91,  97,  97,  93,  94,
 4096.0K,  92,  90,  94,  90,  91, 116, 118,  97,  93,  97,  94, 100,  96,
 8192.0K,  91,  92,  92,  92,  92, 117, 117,  95,  95,  98,  97,  98,  98,
16384.0K,  92,  94,  94,  94,  88, 118, 118,  97,  97,  99,  99, 100,  99,
*** CacheLine Backward Read Latency ***
Distance,   8,  16,  24,  32,  48,  64,  96, 128, 160, 192, 224, 256, 288,
    8.0K,   4,   4,   4,   4,   4,   4,   4,   4,   4,   4,   4,
   16.0K,   4,   4,   4,   4,   4,   4,   4,   4,   4,   4,   4,   4,
   32.0K,  10,  10,  10,  10,  10,  10,  10,  16,  16,  16,  16,  16,  16,
   64.0K,  10,  10,  10,  10,  10,  10,  10,  16,  16,  16,  16,  16,  16,
  128.0K,  10,  10,  10,  10,  10,  10,  10,  16,  16,  16,  16,  16,  16,
  256.0K,  10,  10,  10,  10,  10,  10,  10,  16,  16,  16,  16,  16,  16,
  512.0K,  13,  13,  13,  13,  13,  13,  13,  19,  19,  19,  19,  19,  19,
 1024.0K,  82,  86,  85,  91,  85, 116, 114, 161, 159, 147, 153, 151, 148,
 2048.0K,  82,  86,  85,  85,  86, 116, 116, 160, 156, 153, 148, 153, 149,
 4096.0K,  80,  87,  87,  87,  87, 115, 116, 160, 159, 152, 154, 152, 151,
 8192.0K,  82,  87,  86,  87,  87, 116, 116, 161, 162, 152, 151, 154, 154,
16384.0K,  83,  87,  86,  87,  87, 116, 116, 161, 161, 153, 153, 154, 154,
BenchMemLat exit code: 0x0100
L1D cacheline size:128 bytes      [Mode:6 Size:    48K, Stride:   512, #NOP:  0, UnRoll:32]
L2  cacheline size:128 bytes      [Mode:6 Size:  1024K, Stride:   512, #NOP:  0, UnRoll:64]
Mem latency:  92.702ns( 148 clks) [Mode:1 Size: 16384K, Stride:  1024, #NOP: 92, UnRoll:64]
L1D latency:   1.861ns(   3 clks) [Mode:1 Size:    24K, Stride:    64, #NOP:  0, UnRoll:64]
L2  latency:  11.349ns(  18 clks) [Mode:1 Size:   512K, Stride:   128, #NOP: 34, UnRoll:64]
Running time:    174 seconds.
