Copyright (C) 2003, 2009 Lavalys Consulting Group, Inc. All rights reserved.
everest_bench.dll build: 2.4.273.0 Oct 21 2009 23:53:40
CPUCount: 1, procMask: 0x00000001 Size of Memory: 523764KB Priority:020
CPU#00 Vendor: GenuineIntel CoreType:0x20000526
CPU#00 Family: 5 Model: 02 Stepping: 6
CPU#00 Features: TSC, FPU, CMPXCHG8B
CPU#00 Frequency:  133.61MHz  OS:5.1.2600 Szervizcsomag 2
CPU#00 AffMask:0x00000001 APIC_ID:0x00000000 Phys_ID:000 Core_ID:00 SMT_ID:00 PhysMask:0x00000001 
CPU#00 L1I cache:     8KB,   32 byte cache line,  2 way, SMask:00000001
CPU#00 L1D cache:     8KB,   32 byte cache line,  2 way, SMask:00000001
Memory Latency ProcMask:0x00000001 #NOP:0
*** Linear Read Latency ***
Stride,     4,   8,  16,  32,  64, 128, 256, 512,  1K,  2K,  4K,  8K,
   0.25K,   2,   2,   2,   2,   2,   2,
   0.50K,   2,   2,   2,   2,   2,   2,   2,
    1.0K,   2,   2,   2,   2,   2,   2,   2,   2,
    2.0K,   2,   2,   2,   2,   2,   2,   2,   2,   2,
    4.0K,   2,   2,   2,   2,   2,   2,   2,   2,   2,   2,
    8.0K,   2,   2,   2,   2,   2,   2,   2,   3,   4,   8,   2,
   16.0K,   4,   5,   9,  12,  12,  12,  12,  12,  12,  12,  16,  15,
   32.0K,   4,   5,   9,  12,  12,  12,  12,  12,  12,  12,  16,  15,
   64.0K,   4,   5,   9,  12,  12,  12,  12,  12,  12,  12,  16,  16,
  128.0K,   4,   5,   9,  12,  12,  12,  12,  12,  12,  12,  16,  16,
  256.0K,   4,   6,   9,  12,  12,  12,  12,  12,  12,  13,  17,  17,
  512.0K,   4,   6,  10,  13,  13,  13,  14,  15,  19,  33,  35,  35,
 1024.0K,   4,   6,  10,  13,  13,  14,  14,  15,  19,  24,  35,  34,
 2048.0K,   4,   6,  10,  13,  13,  14,  14,  16,  19,  25,  36,  35,
 4096.0K,   5,   8,  13,  19,  19,  19,  20,  22,  27,  36,  48,  40,
 8192.0K,   5,   8,  13,  19,  19,  20,  21,  23,  28,  39,  51,  48,
16384.0K,   5,   8,  14,  19,  19,  20,  21,  23,  29,  39,  51,  51,
*** Backward Read Latency ***
Stride,     4,   8,  16,  32,  64, 128, 256, 512,  1K,  2K,  4K,  8K,
   0.25K,   2,   2,   2,   2,   2,   2,
   0.50K,   2,   2,   2,   2,   2,   2,   2,
    1.0K,   2,   2,   2,   2,   2,   2,   2,   2,
    2.0K,   2,   2,   2,   2,   2,   2,   2,   2,   2,
    4.0K,   2,   2,   2,   2,   2,   2,   2,   2,   2,   2,
    8.0K,   2,   2,   2,   2,   2,   2,   2,   3,   4,   8,  16,
   16.0K,   4,   5,   9,  12,  12,  12,  12,  12,  12,  12,  16,  15,
   32.0K,   4,   5,   9,  12,  12,  12,  12,  12,  12,  12,  16,  15,
   64.0K,   4,   5,   9,  12,  12,  12,  12,  12,  12,  12,  16,  16,
  128.0K,   4,   5,   9,  12,  12,  12,  12,  12,  12,  12,  16,  16,
  256.0K,   4,   5,   9,  12,  12,  12,  12,  12,  12,  12,  16,  16,
  512.0K,   4,   6,   9,  12,  12,  13,  14,  15,  18,  24,  34,  34,
 1024.0K,   4,   6,  10,  13,  13,  14,  14,  15,  18,  24,  35,  34,
 2048.0K,   4,   6,  11,  15,  15,  16,  17,  19,  23,  31,  42,  37,
 4096.0K,   5,   7,  13,  18,  19,  19,  20,  22,  27,  36,  48,  42,
 8192.0K,   5,   8,  13,  19,  19,  20,  21,  23,  28,  38,  50,  54,
16384.0K,   5,   8,  13,  19,  19,  20,  21,  23,  29,  38,  50,  51,
*** BlockRandom Read Latency ***
Block,      8,  16,  32,  64, 128, 256, 512,  1K,  2K,  4K,  8K,
   0.25K,   2,
   0.50K,   2,   2,
    1.0K,   2,   2,   2,
    2.0K,   2,   2,   2,   2,
    4.0K,   2,   2,   2,   2,   2,
    8.0K,   2,   2,   2,   2,   2,   2,
   16.0K,  12,  12,  12,  12,  12,  12,  12,
   32.0K,  12,  12,  12,  12,  12,  12,  12,  12,
   64.0K,  12,  12,  12,  12,  12,  12,  12,  12,  12,
  128.0K,  12,  12,  12,  12,  12,  12,  12,  12,  12,  12,
  256.0K,  12,  12,  12,  12,  12,  12,  12,  12,  12,  12,  12,
  512.0K,  13,  13,  13,  13,  13,  13,  13,  13,  13,  13,  13,
 1024.0K,  13,  13,  13,  13,  14,  14,  13,  14,  14,  14,  13,
 2048.0K,  14,  14,  14,  14,  14,  15,  16,  16,  17,  17,  19,
 4096.0K,  18,  18,  18,  18,  21,  22,  22,  22,  23,  24,  25,
 8192.0K,  19,  19,  19,  19,  23,  23,  23,  24,  25,  26,  27,
16384.0K,  19,  19,  19,  19,  23,  23,  23,  24,  25,  26,  27,
*** Random Read Latency ***
Stride,     4,   8,  16,  32,  64, 128, 256, 512,  1K,  2K,  4K,  8K,
   0.25K,   2,   2,   2,   2,   2,   2,
   0.50K,   2,   2,   2,   2,   2,   2,   2,
    1.0K,   2,   2,   2,   2,   2,   2,   2,   2,
    2.0K,   2,   2,   2,   2,   2,   2,   2,   2,   2,
    4.0K,   2,   2,   2,   2,   2,   2,   2,   2,   2,   2,
    8.0K,   2,   2,   2,   2,   2,   2,   2,   3,   5,   8,  16,
   16.0K,   7,   7,   8,  12,  12,  12,  12,  12,  13,  14,  16,  15,
   32.0K,   9,  10,  10,  12,  12,  12,  12,  12,  13,  14,  16,  15,
   64.0K,  11,  11,  11,  12,  12,  12,  12,  12,  13,  14,  16,  16,
  128.0K,  11,  12,  12,  12,  12,  12,  12,  12,  13,  14,  16,  16,
  256.0K,  12,  12,  12,  12,  12,  12,  12,  12,  13,  14,  16,  16,
  512.0K,  24,  23,  23,  24,  24,  24,  25,  24,  27,  30,  34,  34,
 1024.0K,  30,  30,  31,  32,  31,  31,  33,  31,  33,  34,  37,  34,
 2048.0K,  35,  36,  37,  39,  39,  40,  39,  39,  39,  41,  41,  37,
 4096.0K,  42,  43,  44,  47,  47,  47,  47,  47,  48,  48,  48,  39,
 8192.0K,  47,  47,  48,  50,  50,  50,  50,  50,  50,  50,  51,  48,
16384.0K,  49,  50,  50,  51,  51,  51,  50,  50,  51,  51,  51,  51,
*** CacheLine Forward Read Latency ***
Distance,   8,  16,  24,  32,  48,  64,  96, 128, 160, 192, 224, 256,
    8.0K,   2,   2,   2,   3,   3,   2,   2,   2,   2,   2,   2,
   16.0K,   6,   6,   6,  10,  10,  10,  10,  10,  10,  10,  10,  10,
   32.0K,   6,   6,   6,  10,  10,  10,  10,  10,  10,  10,  10,  10,
   64.0K,   6,   6,   6,  10,  10,  10,  10,  10,  10,  10,  10,  10,
  128.0K,   6,   6,   6,  10,  10,  10,  10,  10,  10,  10,  10,  10,
  256.0K,   6,   6,   6,  10,  10,  10,  10,  10,  10,  10,  10,  10,
  512.0K,   8,   8,   8,  12,  12,  13,  12,  12,  12,  13,  12,  12,
 1024.0K,   8,   8,   9,  13,  13,  14,  14,  14,  14,  14,  14,  14,
 2048.0K,  10,  10,  10,  16,  16,  16,  16,  16,  16,  15,  16,  16,
 4096.0K,  12,  12,  12,  20,  20,  20,  20,  20,  20,  20,  20,  20,
 8192.0K,  13,  13,  13,  21,  21,  21,  21,  21,  21,  21,  21,  21,
16384.0K,  13,  13,  13,  21,  21,  21,  21,  21,  21,  21,  21,  21,
*** CacheLine Backward Read Latency ***
Distance,   8,  16,  24,  32,  48,  64,  96, 128, 160, 192, 224, 256,
    8.0K,   2,   2,   2,   3,   2,   2,   2,   2,   2,   2,   2,
   16.0K,   6,   6,   6,  10,  12,  10,  10,  10,  10,  10,  10,  10,
   32.0K,   6,   6,   6,  10,  10,  10,  10,  10,  10,  10,  10,  11,
   64.0K,   6,   6,   6,  10,  10,  10,  10,  10,  10,  10,  10,  10,
  128.0K,   6,   6,   6,  10,  10,  10,  10,  10,  10,  10,  10,  10,
  256.0K,   6,   6,   6,  10,  10,  10,  10,  10,  10,  10,  10,  10,
  512.0K,   8,   8,   8,  12,  12,  12,  12,  12,  13,  12,  12,  12,
 1024.0K,   8,   8,   8,  13,  13,  13,  13,  13,  14,  13,  14,  13,
 2048.0K,  10,  10,  10,  17,  16,  16,  16,  16,  16,  16,  16,  16,
 4096.0K,  12,  12,  12,  20,  20,  20,  20,  20,  20,  20,  20,  20,
 8192.0K,  13,  13,  13,  21,  21,  21,  21,  21,  21,  21,  21,  21,
16384.0K,  13,  13,  13,  21,  21,  21,  21,  21,  21,  21,  22,  21,
BenchMemLat exit code: 0x0100
L1D cacheline size: 32 bytes      [Mode:6 Size:    16K, Stride:   512, #NOP:  0, UnRoll:16]
Mem latency: 213.815ns(  29 clks) [Mode:1 Size: 16384K, Stride:  1024, #NOP:  1, UnRoll:8]
L1D latency:  15.948ns(   2 clks) [Mode:1 Size:     8K, Stride:    32, #NOP:  0, UnRoll:64]
Running time:    712 seconds.
