Copyright (C) 1995-2011 FinalWire Ltd. All rights reserved.
aida_bench32.dll build: 2.7.396.0 Dec 21 2011 15:26:26
D2500CC CPUCount: 2, Size of Memory: 2097024KB
ProcMask: 0x00000003 
D2500CC OS:6.1.7601 Service Pack 1 Freq: 1861.96MHz Priority:020 NUMA:0
Features: X86,TSC,X87,CMOV,MMX,SSE,SSE2,SSE3,SSSE3,LAHF,CMPX8,MOVBE,CLFLUSH,TSCINV,LNOP,
CPU#000 Vendor: GenuineIntel Family: 6 Modell: 36 Stepping: 1 CoreType:0x20030661
CPU#000 Type: "        Intel(R) Atom(TM) CPU D2500   @ 1.86GHz"
CPU#000 AffMask: 0x00000001 
CPU#000 PhysMask:0x00000003 
CPU#000 APIC_ID:0x00000000 Phys_ID:000 Node_ID:00 CU_ID:00 Core_ID:00 
CPU#000 L1I cache:    32KB,   64 byte cache line,  8 way, SMask:00000001 
CPU#000 L1D cache:    24KB,   64 byte cache line,  6 way, SMask:00000001 
CPU#000 L2  cache:   512KB,   64 byte cache line,  8 way, SMask:00000001 
CPU#001 Vendor: GenuineIntel Family: 6 Modell: 36 Stepping: 1 CoreType:0x20030661
CPU#001 Type: "        Intel(R) Atom(TM) CPU D2500   @ 1.86GHz"
CPU#001 AffMask: 0x00000002 
CPU#001 PhysMask:0x00000003 
CPU#001 APIC_ID:0x00000001 Phys_ID:000 Node_ID:00 CU_ID:00 Core_ID:00 
CPU#001 L1I cache:    32KB,   64 byte cache line,  8 way, SMask:00000002 
CPU#001 L1D cache:    24KB,   64 byte cache line,  6 way, SMask:00000002 
CPU#001 L2  cache:   512KB,   64 byte cache line,  8 way, SMask:00000002 
Parameters: "-p=high -l -b=MemLat -b=Queen -b=Hash -b=Fractal -b=SST "
Memory Latency #NOP:0 ProcMask: 0x00000001 
*** Linear Read Latency ***
Stride,     4,   8,  16,  32,  64, 128, 256, 512,  1K,  2K,  4K,  8K, 16K,
    0.25K,   3,   3,   3,   3,   3,   3,
    0.50K,   3,   3,   3,   3,   3,   3,   3,
     1.0K,   3,   3,   3,   3,   3,   3,   3,   3,
     2.0K,   3,   3,   3,   3,   3,   3,   3,   3,   3,
     4.0K,   3,   3,   3,   3,   3,   3,   3,   3,   3,   3,
     8.0K,   3,   3,   3,   3,   3,   3,   3,   3,   3,   3,   3,
    16.0K,   3,   3,   3,   3,   3,   3,   3,   3,   3,   3,   3,   3,
    32.0K,   4,   4,   5,   9,  17,  16,  16,  16,  16,  16,  17,   3,   3,
    64.0K,   4,   4,   5,   9,  17,  16,  16,  16,  16,  16,  16,  17,   3,
   128.0K,   4,   4,   5,  10,  18,  16,  16,  17,  18,  19,  22,  16,  15,
   256.0K,   4,   4,   5,  10,  18,  16,  16,  17,  18,  19,  22,  22,  16,
   512.0K,   4,   4,   6,  10,  19,  18,  20,  22,  25,  33,  38,  38,  38,
  1024.0K,   4,   5,   7,  13,  25,  46,  91, 154, 154, 164, 203,  49,  38,
  2048.0K,   4,   5,   7,  13,  25,  48,  94, 155, 155, 170, 203, 203,  49,
  4096.0K,   4,   5,   7,  13,  26,  49,  95, 152, 156, 171, 205, 204, 205,
  8192.0K,   4,   5,   7,  13,  26,  49,  95, 155, 156, 165, 197, 202, 201,
 16384.0K,   4,   5,   7,  13,  26,  49,  95, 157, 157, 174, 206, 203, 214,
*** Backward Read Latency ***
Stride,     4,   8,  16,  32,  64, 128, 256, 512,  1K,  2K,  4K,  8K, 16K,
    0.25K,   3,   3,   3,   3,   3,   3,
    0.50K,   3,   3,   3,   3,   3,   3,   3,
     1.0K,   3,   3,   3,   3,   3,   3,   3,   3,
     2.0K,   3,   3,   3,   3,   3,   3,   3,   3,   3,
     4.0K,   3,   3,   3,   3,   3,   3,   3,   3,   3,   3,
     8.0K,   3,   3,   3,   3,   3,   3,   3,   3,   3,   3,   3,
    16.0K,   3,   3,   3,   3,   3,   3,   3,   3,   3,   3,   3,   3,
    32.0K,   4,   5,   8,  12,  15,  16,  16,  16,  16,  16,  17,   3,   3,
    64.0K,   4,   5,   8,  12,  15,  16,  16,  16,  16,  16,  16,  15,   3,
   128.0K,   4,   5,   8,  13,  15,  16,  16,  17,  18,  19,  22,  16,  15,
   256.0K,   4,   5,   8,  13,  15,  16,  16,  17,  18,  19,  22,  22,  16,
   512.0K,   4,   5,   8,  13,  17,  18,  19,  22,  25,  28,  38,  38,  38,
  1024.0K,   4,   6,   9,  15,  25,  47, 101, 148, 157, 171, 202,  47,  38,
  2048.0K,   4,   6,   9,  15,  26,  48, 102, 148, 153, 172, 199, 200,  50,
  4096.0K,   4,   6,   9,  15,  26,  49, 103, 148, 156, 172, 203, 204, 205,
  8192.0K,   4,   6,   9,  15,  26,  49, 103, 148, 157, 172, 201, 200, 201,
 16384.0K,   4,   6,   9,  15,  26,  49, 104, 149, 158, 173, 201, 209, 214,
*** BlockRandom Read Latency ***
Block,      8,  16,  32,  64, 128, 256, 512,  1K,  2K,  4K,  8K, 16K,
    0.50K,   3,
     1.0K,   3,   3,
     2.0K,   3,   3,   3,
     4.0K,   3,   3,   3,   3,
     8.0K,   3,   3,   3,   3,   3,
    16.0K,   3,   3,   3,   3,   3,   3,
    32.0K,  13,  12,  11,  11,  11,  11,  10,
    64.0K,  13,  12,  12,  11,  11,  11,  12,  13,
   128.0K,  13,  12,  12,  11,  11,  12,  12,  14,  18,
   256.0K,  13,  12,  12,  11,  11,  11,  12,  14,  18,  20,
   512.0K,  14,  13,  13,  13,  14,  13,  15,  16,  20,  24,  32,
  1024.0K,  25,  37,  57,  68,  84,  92,  96,  97,  98, 100, 112, 147,
  2048.0K,  25,  37,  57,  70,  82,  92,  96,  98, 101, 101, 112, 157,
  4096.0K,  25,  37,  57,  70,  82,  92,  95,  97,  99, 100, 112, 155,
  8192.0K,  25,  37,  58,  70,  82,  92,  96,  98, 101, 100, 112, 154,
 16384.0K,  26,  37,  58,  70,  82,  92,  96,  98, 100, 100, 113, 156,
*** Random Read Latency ***
Stride,     4,   8,  16,  32,  64, 128, 256, 512,  1K,  2K,  4K,  8K, 16K,
    0.25K,   3,   3,   3,   3,   3,   3,
    0.50K,   3,   3,   3,   3,   3,   3,   3,
     1.0K,   3,   3,   3,   3,   3,   3,   3,   3,
     2.0K,   3,   3,   3,   3,   3,   3,   3,   3,   3,
     4.0K,   3,   3,   3,   3,   3,   3,   3,   3,   3,   3,
     8.0K,   3,   3,   3,   3,   3,   3,   3,   3,   3,   3,   3,
    16.0K,   3,   3,   3,   3,   3,   3,   3,   3,   3,   3,   3,   3,
    32.0K,   6,   6,   7,   8,  10,  16,  16,  16,  16,  16,  15,   3,   3,
    64.0K,  11,  11,  12,  12,  13,  16,  16,  16,  16,  16,  16,  15,   3,
   128.0K,  17,  17,  17,  17,  18,  19,  19,  19,  19,  20,  22,  16,  15,
   256.0K,  19,  19,  19,  19,  20,  20,  21,  21,  21,  21,  22,  22,  16,
   512.0K,  30,  30,  30,  31,  32,  32,  32,  32,  34,  34,  38,  39,  38,
  1024.0K, 118, 120, 123, 130, 149, 186, 194, 197, 196, 195, 194,  38,  39,
  2048.0K, 162, 163, 165, 169, 178, 197, 200, 198, 200, 198, 197, 196,  44,
  4096.0K, 186, 187, 188, 190, 194, 203, 203, 203, 202, 201, 196, 197, 196,
  8192.0K, 202, 202, 203, 204, 206, 210, 208, 206, 207, 204, 200, 200, 200,
 16384.0K, 212, 212, 212, 212, 213, 215, 212, 214, 215, 211, 209, 210, 213,
*** CacheLine Forward Read Latency ***
Distance,   8,  16,  24,  32,  48,  64,  96, 128, 160, 192, 224, 256, 288,
     8.0K,   4,   4,   4,   4,   4,   4,   4,   4,   4,   4,   4,
    16.0K,   4,   4,   4,   4,   4,   4,   4,   4,   4,   4,   4,   4,
    32.0K,  10,  10,  10,  10,  10,  10,  10,  16,  16,  16,  16,  16,  16,
    64.0K,  10,  10,  10,  10,  10,  10,  10,  16,  16,  16,  16,  16,  16,
   128.0K,  10,  10,  10,  10,  10,  10,  10,  16,  16,  16,  16,  16,  16,
   256.0K,  10,  10,  10,  10,  10,  10,  10,  16,  16,  16,  16,  16,  16,
   512.0K,  13,  13,  13,  13,  13,  13,  13,  20,  20,  19,  20,  19,  20,
  1024.0K,  76,  76,  76,  76,  76,  83,  83,  75,  74,  74,  73,  75,  75,
  2048.0K,  75,  76,  75,  76,  75,  83,  83,  77,  77,  76,  78,  80,  80,
  4096.0K,  76,  76,  76,  76,  75,  84,  83,  78,  78,  80,  80,  81,  81,
  8192.0K,  77,  76,  77,  76,  77,  84,  84,  78,  78,  81,  80,  81,  81,
 16384.0K,  77,  77,  77,  77,  77,  84,  85,  79,  79,  81,  81,  82,  82,
*** CacheLine Backward Read Latency ***
Distance,   8,  16,  24,  32,  48,  64,  96, 128, 160, 192, 224, 256, 288,
     8.0K,   4,   4,   4,   4,   4,   4,   4,   4,   4,   4,   4,
    16.0K,   4,   4,   4,   4,   4,   4,   4,   4,   4,   4,   4,   4,
    32.0K,  10,  10,  10,  10,  10,  10,  10,  16,  16,  16,  16,  16,  16,
    64.0K,  10,  10,  10,  10,  10,  10,  10,  16,  16,  16,  16,  16,  16,
   128.0K,  10,  10,  10,  10,  10,  10,  10,  16,  16,  16,  16,  16,  16,
   256.0K,  10,  10,  10,  10,  10,  10,  10,  16,  16,  16,  16,  16,  16,
   512.0K,  13,  13,  13,  13,  13,  13,  13,  20,  21,  21,  22,  20,  21,
  1024.0K,  92,  92,  92,  92,  92,  96,  96, 146, 146, 146, 146, 146, 146,
  2048.0K,  92,  92,  92,  92,  91,  96,  97, 145, 147, 147, 147, 146, 146,
  4096.0K,  92,  92,  92,  92,  92,  96,  96, 147, 147, 147, 147, 146, 146,
  8192.0K,  92,  92,  92,  92,  92,  96,  96, 148, 147, 147, 147, 146, 146,
 16384.0K,  93,  94,  94,  94,  94,  97,  97, 147, 147, 147, 147, 146, 146,
BenchMemLat exit code: 0x0100
L1D cacheline size:128 bytes      [Mode:6 Size:      48K, Stride:   512, #NOP:  0, UnRoll:32]
L2  cacheline size:128 bytes      [Mode:6 Size:    1024K, Stride:   512, #NOP:  0, UnRoll:64]
Mem latency:  83.391ns( 155 clks) [Mode:1 Size:   16384K, Stride:  1024, #NOP: 29, UnRoll:64]
L1D latency:   1.595ns(   3 clks) [Mode:1 Size:      24K, Stride:    64, #NOP:  0, UnRoll:64]
L2  latency:   9.283ns(  17 clks) [Mode:1 Size:     512K, Stride:   128, #NOP: 37, UnRoll:64]