Copyright (C) 2003, 2009 Lavalys Consulting Group, Inc. All rights reserved.
everest_bench.dll build: 2.4.257.0 Jan 19 2009 01:57:35
CPUCount: 2, procMask: 0x00000003 Size of Memory: 523572KB Priority:080
CPU#00 Vendor: GenuineIntel CoreType:0x20000617
CPU#00 Family: 6 Model: 01 Stepping: 7
CPU#00 Features: TSC, FPU, CMOV, CMPXCHG8B
CPU#00 Frequency:  199.45MHz  OS:5.0.2195 Service Pack 4
CPU#00 AffMask:0x00000001 APIC_ID:0x00000000 Phys_ID:000 Core_ID:00 SMT_ID:00 PhysMask:0x00000001 
CPU#00 L1I cache:     8KB,   32 byte cache line,  4 way, SMask:00000001
CPU#00 L1D cache:     8KB,   32 byte cache line,  2 way, SMask:00000001
CPU#00 L2  cache:   256KB,   32 byte cache line,  4 way, SMask:00000001
CPU#01 Vendor: GenuineIntel CoreType:0x20000617
CPU#01 Family: 6 Model: 01 Stepping: 7
CPU#01 Features: TSC, FPU, CMOV, CMPXCHG8B
CPU#01 Frequency:  199.45MHz  OS:5.0.2195 Service Pack 4
CPU#01 AffMask:0x00000002 APIC_ID:0x00000000 Phys_ID:001 Core_ID:00 SMT_ID:00 PhysMask:0x00000002 
CPU#01 L1I cache:     8KB,   32 byte cache line,  4 way, SMask:00000002
CPU#01 L1D cache:     8KB,   32 byte cache line,  2 way, SMask:00000002
CPU#01 L2  cache:   256KB,   32 byte cache line,  4 way, SMask:00000002
CPU#00 AffMask:0x00000001 APIC_ID:0x00000000 Phys_ID:000 Core_ID:00 SMT_ID:00 PhysMask:0x00000001 
CPU#01 AffMask:0x00000002 APIC_ID:0x00000000 Phys_ID:001 Core_ID:00 SMT_ID:00 PhysMask:0x00000002 
Parameters: "-ph -d4094 -l "
Memory Latency ProcMask:0x00000001 #NOP:0
*** Linear Read Latency ***
Stride,     4,   8,  16,  32,  64, 128, 256, 512,  1K,  2K,  4K,  8K, 16K,
   0.25K,   3,   3,   3,   3,   3,   3,
   0.50K,   3,   3,   3,   3,   3,   3,   3,
    1.0K,   3,   3,   3,   3,   3,   3,   3,   3,
    2.0K,   3,   3,   3,   3,   3,   3,   3,   3,   3,
    4.0K,   3,   3,   3,   3,   3,   3,   3,   3,   3,   3,
    8.0K,   3,   3,   3,   3,   3,   3,   3,   3,   3,   3,   3,
   16.0K,   3,   4,   8,   7,   7,   7,   7,   7,   7,   7,   5,   3,
   32.0K,   3,   4,   8,   7,   7,   7,   7,   7,   7,   7,   7,   5,   3,
   64.0K,   3,   4,   8,   7,   7,   7,   7,   7,   7,   7,   7,   7,   5,
  128.0K,   3,   4,   8,   7,   7,   7,   7,   7,   7,   7,   7,   7,   7,
  256.0K,   3,   4,   8,   7,   7,   7,   7,   7,   7,   7,   7,   7,   7,
  512.0K,   9,  17,  30,  46,  46,  46,  46,  46,  47,  48,  51,  12,  12,
 1024.0K,   9,  17,  30,  46,  46,  46,  46,  46,  47,  49,  52,  52,  14,
 2048.0K,   9,  17,  30,  46,  46,  46,  46,  46,  47,  48,  52,  52,  52,
 4096.0K,   9,  17,  30,  46,  46,  46,  46,  46,  47,  49,  52,  52,  51,
 8192.0K,   9,  17,  30,  46,  46,  46,  46,  46,  47,  49,  52, 177,  52,
16384.0K,   9,  17,  30,  46,  46,  46,  46,  46,  47,  49, 181, 184, 180,
*** Backward Read Latency ***
Stride,     4,   8,  16,  32,  64, 128, 256, 512,  1K,  2K,  4K,  8K, 16K,
   0.25K,   3,   3,   3,   3,   3,   3,
   0.50K,   3,   3,   3,   3,   3,   3,   3,
    1.0K,   3,   3,   3,   3,   3,   3,   3,   3,
    2.0K,   3,   3,   3,   3,   3,   3,   3,   3,   3,
    4.0K,   3,   3,   3,   3,   3,   3,   3,   3,   3,   3,
    8.0K,   3,   3,   3,   3,   3,   3,   3,   3,   3,   3,   3,
   16.0K,   3,   4,   8,   7,   7,   7,   7,   7,   7,   7,   5,   3,
   32.0K,   3,   4,   8,   7,   7,   7,   7,   7,   7,   7,   7,   5,   3,
   64.0K,   3,   4,   8,   7,   7,   7,   7,   7,   7,   7,   7,   7,   5,
  128.0K,   3,   4,   8,   7,   7,   7,   7,   7,   7,   7,   7,   7,   7,
  256.0K,   3,   4,   8,   7,   7,   7,   7,   7,   7,   7,   7,   7,   7,
  512.0K,   9,  17,  30,  46,  46,  46,  46,  46,  47,  48,  51,  12,  12,
 1024.0K,   9,  17,  30,  46,  46,  46,  46,  46,  47,  49,  52,  52,  15,
 2048.0K,   9,  17,  30,  46,  46,  46,  46,  46,  47,  48,  52,  52,  52,
 4096.0K,   9,  17,  30,  46,  46,  46,  46,  46,  47,  49,  52,  52,  51,
 8192.0K,   9,  17,  30,  46,  46,  46,  46,  46,  47,  49,  52, 179, 178,
16384.0K,   9,  17,  30,  46,  46,  46,  46,  46,  47, 180, 180, 179, 180,
*** BlockRandom Read Latency ***
Block,      8,  16,  32,  64, 128, 256, 512,  1K,  2K,  4K,  8K, 16K,
   0.25K,   3,
   0.50K,   3,   3,
    1.0K,   3,   3,   3,
    2.0K,   3,   3,   3,   3,
    4.0K,   3,   3,   3,   3,   3,
    8.0K,   3,   3,   3,   3,   3,   3,
   16.0K,   7,   7,   7,   7,   7,   7,   7,
   32.0K,   7,   7,   7,   7,   7,   7,   7,   7,
   64.0K,   7,   7,   7,   7,   7,   7,   7,   7,   7,
  128.0K,   7,   7,   7,   7,   7,   7,   7,   7,   7,   7,
  256.0K,   7,   7,   7,   7,   7,   7,   7,   7,   7,   7,   7,
  512.0K,  46,  46,  46,  46,  46,  46,  46,  46,  46,  46,  46,  48,
 1024.0K,  46,  46,  46,  46,  46,  46,  46,  46,  46,  46,  46,  49,
 2048.0K,  46,  46,  46,  46,  46,  46,  46,  46,  46,  46,  46,  49,
 4096.0K,  46,  46,  46,  46,  46,  46,  46,  46,  46,  46,  46,  49,
 8192.0K,  46,  46,  46,  46,  46,  46,  46,  46,  46,  46,  46,  49,
16384.0K,  46,  46,  46,  46,  46,  46,  46,  46,  46,  46,  46,  49,
*** Random Read Latency ***
Stride,     4,   8,  16,  32,  64, 128, 256, 512,  1K,  2K,  4K,  8K, 16K,
   0.25K,   3,   3,   3,   3,   3,   3,
   0.50K,   3,   3,   3,   3,   3,   3,   3,
    1.0K,   3,   3,   3,   3,   3,   3,   3,   3,
    2.0K,   3,   3,   3,   3,   3,   3,   3,   3,   3,
    4.0K,   3,   3,   3,   3,   3,   3,   3,   3,   3,   3,
    8.0K,   3,   3,   3,   3,   3,   3,   3,   3,   3,   3,   3,
   16.0K,   5,   5,   6,   7,   7,   7,   7,   7,   7,   7,   5,   3,
   32.0K,   6,   6,   6,   7,   7,   7,   7,   7,   7,   7,   7,   5,   3,
   64.0K,   7,   7,   7,   7,   7,   7,   7,   7,   7,   7,   7,   7,   5,
  128.0K,   7,   7,   7,   7,   7,   7,   7,   7,   7,   7,   7,   7,   7,
  256.0K,   7,   7,   7,   7,   7,   7,   7,   7,   7,   7,   7,   7,   7,
  512.0K,  31,  33,  37,  48,  48,  49,  49,  49,  49,  50,  51,  12,  12,
 1024.0K,  42,  43,  45,  50,  50,  50,  50,  50,  50,  51,  52,  52,  13,
 2048.0K,  47,  48,  49,  51,  51,  51,  51,  51,  51,  51,  52,  52,  52,
 4096.0K,  50,  50,  51,  52,  52,  52,  51,  51,  51,  52,  52,  52,  52,
 8192.0K,  53,  53,  53,  54,  53,  53,  52,  53,  52,  52,  52,  52,  52,
16384.0K,  55,  55,  55,  56,  55,  55,  56,  56,  55,  55, 180, 178, 175,
*** CacheLine Forward Read Latency ***
Distance,   8,  16,  24,  32,  48,  64,  96, 128, 160, 192, 224, 256, 288,
    8.0K,   3,   3,   3,   3,   3,   3,   3,   3,   3,   3,   3,
   16.0K,   5,   5,   5,   7,   7,   7,   7,   7,   7,   7,   7,   7,
   32.0K,   5,   5,   5,   7,   7,   7,   7,   7,   7,   7,   7,   7,   7,
   64.0K,   5,   5,   5,   7,   7,   7,   7,   7,   7,   7,   7,   7,   7,
  128.0K,   5,   5,   5,   7,   7,   7,   7,   7,   7,   7,   7,   7,   7,
  256.0K,   5,   5,   5,   7,   7,   7,   7,   7,   7,   7,   7,   7,   7,
  512.0K,  25,  25,  27,  53,  53,  53,  53,  53,  53,  53,  53,  53,  53,
 1024.0K,  25,  25,  27,  53,  53,  53,  53,  53,  53,  53,  53,  53,  53,
 2048.0K,  25,  25,  27,  53,  53,  53,  53,  53,  53,  53,  53,  53,  53,
 4096.0K,  25,  25,  27,  53,  53,  53,  53,  53,  53,  53,  53,  53,  53,
 8192.0K,  25,  25,  27,  53,  53,  53,  53,  53,  53,  53,  53,  53,  53,
16384.0K,  25,  25,  27,  53,  53,  53,  54,  53,  53,  53,  53,  53,  53,
*** CacheLine Backward Read Latency ***
Distance,   8,  16,  24,  32,  48,  64,  96, 128, 160, 192, 224, 256, 288,
    8.0K,   3,   3,   3,   3,   3,   3,   3,   3,   3,   3,   3,
   16.0K,   5,   5,   5,   7,   7,   7,   7,   7,   7,   7,   7,   7,
   32.0K,   5,   5,   5,   7,   7,   7,   7,   7,   7,   7,   7,   7,   7,
   64.0K,   5,   5,   5,   7,   7,   7,   7,   7,   7,   7,   7,   7,   7,
  128.0K,   5,   5,   5,   7,   7,   7,   7,   7,   7,   7,   7,   7,   7,
  256.0K,   5,   5,   5,   7,   7,   7,   7,   7,   7,   7,   7,   7,   7,
  512.0K,  25,  25,  27,  53,  53,  53,  53,  56,  53,  53,  53,  53,  53,
 1024.0K,  25,  25,  27,  53,  53,  53,  53,  53,  53,  53,  53,  53,  53,
 2048.0K,  25,  25,  27,  53,  53,  53,  53,  53,  53,  56,  53,  53,  53,
 4096.0K,  25,  25,  27,  53,  53,  53,  53,  53,  53,  53,  53,  53,  53,
 8192.0K,  25,  25,  27,  53,  53,  53,  53,  53,  53,  53,  54,  53,  53,
16384.0K,  25,  25,  27,  53,  53,  53,  54,  53,  53,  53,  54,  53,  53,
BenchMemLat exit code: 0x0100
L1D cacheline size: 32 bytes      [Mode:6 Size:    16K, Stride:   512, #NOP:  0, UnRoll:32]
L2  cacheline size: 32 bytes      [Mode:6 Size:   512K, Stride:   512, #NOP:  0, UnRoll:64]
Mem latency: 233.910ns(  47 clks) [Mode:1 Size: 16384K, Stride:  1024, #NOP: 48, UnRoll:64]
L1D latency:  14.872ns(   3 clks) [Mode:1 Size:     8K, Stride:    32, #NOP:  0, UnRoll:64]
L2  latency:  35.330ns(   7 clks) [Mode:1 Size:   256K, Stride:    32, #NOP: 19, UnRoll:64]
Running time:    833 seconds.
