Copyright (C) 1995-2011 FinalWire Ltd. All rights reserved.
aida_bench64.dll build: 2.7.396.0 Dec 21 2011 15:27:00
D2500CC CPUCount: 2, Size of Memory: 4180696KB
ProcMask: 0x0000000000000003 
D2500CC OS:6.1.7601 Service Pack 1 Freq: 1862.00MHz Priority:020 NUMA:0
Features: X86,TSC,X87,CMOV,MMX,SSE,SSE2,SSE3,AMD64,SSSE3,LAHF,CMPX8,CMPX16,MOVBE,CLFLUSH,TSCINV,LNOP,
CPU#000 Vendor: GenuineIntel Family: 6 Modell: 36 Stepping: 1 CoreType:0x20030661
CPU#000 Type: "        Intel(R) Atom(TM) CPU D2500   @ 1.86GHz"
CPU#000 AffMask: 0x0000000000000001 
CPU#000 PhysMask:0x0000000000000003 
CPU#000 APIC_ID:0x00000000 Phys_ID:000 Node_ID:00 CU_ID:00 Core_ID:00 
CPU#000 L1I cache:    32KB,   64 byte cache line,  8 way, SMask:0000000000000001 
CPU#000 L1D cache:    24KB,   64 byte cache line,  6 way, SMask:0000000000000001 
CPU#000 L2  cache:   512KB,   64 byte cache line,  8 way, SMask:0000000000000001 
CPU#001 Vendor: GenuineIntel Family: 6 Modell: 36 Stepping: 1 CoreType:0x20030661
CPU#001 Type: "        Intel(R) Atom(TM) CPU D2500   @ 1.86GHz"
CPU#001 AffMask: 0x0000000000000002 
CPU#001 PhysMask:0x0000000000000003 
CPU#001 APIC_ID:0x00000001 Phys_ID:000 Node_ID:00 CU_ID:00 Core_ID:00 
CPU#001 L1I cache:    32KB,   64 byte cache line,  8 way, SMask:0000000000000002 
CPU#001 L1D cache:    24KB,   64 byte cache line,  6 way, SMask:0000000000000002 
CPU#001 L2  cache:   512KB,   64 byte cache line,  8 way, SMask:0000000000000002 
Parameters: "-p=high -l -b=MemLat -b=Queen -b=Hash -b=Fractal -b=SST "
Memory Latency #NOP:0 ProcMask: 0x0000000000000001 
*** Linear Read Latency ***
Stride,     8,  16,  32,  64, 128, 256, 512,  1K,  2K,  4K,  8K, 16K,
    0.25K,   3,   3,   3,   3,   3,
    0.50K,   3,   3,   3,   3,   3,   3,
     1.0K,   3,   3,   3,   3,   3,   3,   3,
     2.0K,   3,   3,   3,   3,   3,   3,   3,   3,
     4.0K,   3,   3,   3,   3,   3,   3,   3,   3,   3,
     8.0K,   3,   3,   3,   3,   3,   3,   3,   3,   3,   3,
    16.0K,   3,   3,   3,   3,   3,   3,   3,   3,   3,   3,   3,
    32.0K,   4,   5,   9,  17,  16,  16,  16,  16,  16,  17,   3,   3,
    64.0K,   4,   5,   9,  17,  16,  16,  16,  16,  16,  16,  15,   3,
   128.0K,   4,   5,  10,  18,  16,  16,  17,  18,  19,  22,  16,  16,
   256.0K,   4,   5,  10,  18,  16,  16,  17,  18,  19,  22,  22,  16,
   512.0K,   4,   6,  10,  19,  18,  20,  22,  24,  28,  38,  38,  38,
  1024.0K,   5,   7,  12,  25,  46,  91, 151, 155, 168, 197,  60,  39,
  2048.0K,   5,   7,  12,  25,  48,  91, 148, 149, 162, 197, 193,  49,
  4096.0K,   5,   7,  13,  26,  48,  94, 154, 155, 169, 199, 197, 198,
  8192.0K,   5,   7,  13,  25,  49,  94, 152, 153, 165, 199, 198, 197,
 16384.0K,   5,   7,  13,  26,  54,  95, 156, 158, 172, 199, 204, 208,
*** Backward Read Latency ***
Stride,     8,  16,  32,  64, 128, 256, 512,  1K,  2K,  4K,  8K, 16K,
    0.25K,   3,   3,   3,   3,   3,
    0.50K,   3,   3,   3,   3,   3,   3,
     1.0K,   3,   3,   3,   3,   3,   3,   3,
     2.0K,   3,   3,   3,   3,   3,   3,   3,   3,
     4.0K,   3,   3,   3,   3,   3,   3,   3,   3,   3,
     8.0K,   3,   3,   3,   3,   3,   3,   3,   3,   3,   3,
    16.0K,   3,   3,   3,   3,   3,   3,   3,   3,   3,   3,   3,
    32.0K,   5,   8,  12,  15,  16,  16,  16,  16,  16,  16,   3,   3,
    64.0K,   5,   8,  12,  15,  16,  16,  16,  16,  16,  17,  18,   3,
   128.0K,   5,   8,  13,  15,  16,  16,  17,  18,  19,  22,  16,  15,
   256.0K,   5,   8,  13,  15,  16,  16,  17,  18,  19,  22,  22,  16,
   512.0K,   5,   8,  13,  17,  18,  19,  21,  24,  32,  38,  38,  39,
  1024.0K,   6,   9,  15,  25,  47, 101, 148, 158, 172, 199,  49,  38,
  2048.0K,   6,   9,  15,  25,  49, 101, 145, 158, 172, 200, 199,  50,
  4096.0K,   6,   9,  15,  26,  49, 103, 144, 158, 170, 198, 198, 192,
  8192.0K,   6,   9,  15,  26,  49, 102, 149, 157, 172, 199, 199, 198,
 16384.0K,   6,   9,  16,  26,  49, 103, 147, 155, 173, 199, 204, 206,
*** BlockRandom Read Latency ***
Block,      8,  16,  32,  64, 128, 256, 512,  1K,  2K,  4K,  8K, 16K,
    0.50K,   3,
     1.0K,   3,   3,
     2.0K,   3,   3,   3,
     4.0K,   3,   3,   3,   3,
     8.0K,   3,   3,   3,   3,   3,
    16.0K,   3,   3,   3,   3,   3,   3,
    32.0K,  13,  12,  11,  11,  11,  11,  10,
    64.0K,  13,  12,  11,  11,  11,  11,  12,  13,
   128.0K,  13,  12,  12,  11,  11,  11,  12,  14,  18,
   256.0K,  13,  12,  12,  11,  11,  11,  12,  14,  18,  20,
   512.0K,  14,  14,  14,  14,  14,  14,  14,  16,  20,  25,  32,
  1024.0K,  24,  36,  57,  69,  84,  90,  95,  94,  97,  97, 112, 148,
  2048.0K,  25,  36,  56,  69,  82,  91,  94,  95,  98,  98, 112, 154,
  4096.0K,  25,  37,  57,  70,  83,  91,  94,  95,  98,  98, 113, 157,
  8192.0K,  25,  37,  58,  70,  82,  91,  94,  95,  98, 100, 113, 157,
 16384.0K,  26,  37,  58,  70,  82,  91,  95,  97,  99, 100, 113, 157,
*** Random Read Latency ***
Stride,     8,  16,  32,  64, 128, 256, 512,  1K,  2K,  4K,  8K, 16K,
    0.25K,   3,   3,   3,   3,   3,
    0.50K,   3,   3,   3,   3,   3,   3,
     1.0K,   3,   3,   3,   3,   3,   3,   3,
     2.0K,   3,   3,   3,   3,   3,   3,   3,   3,
     4.0K,   3,   3,   3,   3,   3,   3,   3,   3,   3,
     8.0K,   3,   3,   3,   3,   3,   3,   3,   3,   3,   3,
    16.0K,   3,   3,   3,   3,   3,   3,   3,   3,   3,   3,   3,
    32.0K,   6,   7,   8,  10,  16,  16,  16,  16,  16,  15,   3,   3,
    64.0K,  11,  12,  12,  13,  16,  16,  16,  16,  16,  16,  15,   3,
   128.0K,  17,  17,  17,  18,  19,  19,  19,  19,  20,  22,  16,  15,
   256.0K,  19,  19,  19,  20,  21,  20,  21,  21,  21,  22,  22,  16,
   512.0K,  30,  30,  31,  32,  31,  32,  32,  34,  38,  38,  38,  38,
  1024.0K, 120, 123, 131, 148, 186, 192, 199, 199, 197, 198,  38,  39,
  2048.0K, 164, 166, 169, 178, 196, 199, 203, 201, 199, 198, 196,  49,
  4096.0K, 187, 188, 191, 196, 205, 205, 205, 203, 199, 195, 200, 201,
  8192.0K, 202, 200, 204, 206, 211, 209, 207, 205, 203, 199, 199, 195,
 16384.0K, 212, 212, 211, 213, 216, 215, 217, 214, 212, 209, 207, 209,
*** CacheLine Forward Read Latency ***
Distance,   8,  16,  24,  32,  48,  64,  96, 128, 160, 192, 224, 256,
     8.0K,   4,   4,   4,   4,   4,   4,   4,   4,   4,   4,
    16.0K,   4,   4,   4,   4,   4,   4,   4,   4,   4,   4,   4,
    32.0K,  10,  10,  10,  10,  10,  10,  10,  16,  16,  16,  16,  16,
    64.0K,  10,  10,  10,  10,  10,  10,  10,  16,  16,  16,  16,  16,
   128.0K,  10,  10,  10,  10,  10,  10,  10,  16,  16,  16,  16,  16,
   256.0K,  10,  10,  10,  10,  10,  10,  10,  16,  16,  16,  16,  16,
   512.0K,  13,  13,  13,  13,  13,  13,  13,  21,  20,  19,  19,  20,
  1024.0K,  76,  73,  76,  76,  73,  84,  84,  76,  76,  76,  76,  77,
  2048.0K,  76,  76,  76,  76,  76,  81,  84,  78,  78,  79,  79,  79,
  4096.0K,  77,  77,  74,  76,  74,  86,  32,  91,  75,  80,  80,  81,
  8192.0K,  77,  75,  77,  77,  77,  84,  83,  79,  79,  80,  80,  81,
 16384.0K,  77,  77,  77,  77,  77,  84,  84,  79,  78,  80,  80,  81,
*** CacheLine Backward Read Latency ***
Distance,   8,  16,  24,  32,  48,  64,  96, 128, 160, 192, 224, 256,
     8.0K,   4,   4,   4,   4,   4,   4,   4,   4,   4,   4,
    16.0K,   4,   4,   4,   4,   4,   4,   4,   4,   4,   4,   4,
    32.0K,  10,  10,  10,  10,  10,  10,  10,  16,  16,  16,  16,  16,
    64.0K,  10,  10,  10,  10,  10,  10,  10,  16,  16,  16,  16,  16,
   128.0K,  10,  10,  10,  10,  10,  10,  10,  16,  16,  16,  16,  16,
   256.0K,  10,  10,  10,  10,  10,  10,  10,  16,  16,  16,  16,  16,
   512.0K,  13,  13,  13,  13,  13,  13,  13,  21,  20,  21,  20,  21,
  1024.0K,  91,  91,  91,  91,  91,  95,  96, 146, 146, 144, 142, 145,
  2048.0K,  91,  91,  92,  92,  92,  96,  96, 146, 147, 146, 144, 145,
  4096.0K,  91,  91,  91,  92,  92,  96,  96, 147, 144, 144, 146, 144,
  8192.0K,  92,  91,  92,  92,  92,  96,  96, 146, 146, 146, 147, 145,
 16384.0K,  92,  93,  93,  93,  94,  97,  96, 146, 146, 146, 146, 146,
BenchMemLat exit code: 0x0100
L1D cacheline size:128 bytes      [Mode:6 Size:      48K, Stride:   512, #NOP:  0, UnRoll:32]
L2  cacheline size:128 bytes      [Mode:6 Size:    1024K, Stride:   512, #NOP:  0, UnRoll:64]
Mem latency:  82.693ns( 154 clks) [Mode:1 Size:   16384K, Stride:  1024, #NOP: 71, UnRoll:64]
L1D latency:   1.595ns(   3 clks) [Mode:1 Size:      24K, Stride:    64, #NOP:  0, UnRoll:64]
L2  latency:   9.527ns(  18 clks) [Mode:1 Size:     512K, Stride:   128, #NOP: 39, UnRoll:64]