Copyright (C) 2003, 2009 Lavalys Consulting Group, Inc. All rights reserved.
everest_bench.dll build: 2.4.257.0 Jan 19 2009 01:57:35
CPUCount: 2, procMask: 0x00000003 Size of Memory: 916716KB Priority:080
CPU#00 Vendor: GenuineIntel CoreType:0x20000f44
CPU#00 Family: f Model: 04 Stepping: 4 Type: "              Intel(R) Pentium(R) D CPU 2.80GHz"
CPU#00 Features: TSC, FPU, CMOV, MMX, SSE, SSE2, SSE3, CMPXCHG8B, HTT
CPU#00 Frequency: 2800.11MHz  OS:5.1.2600 Service Pack 2
CPU#00 AffMask:0x00000001 APIC_ID:0x00000000 Phys_ID:000 Core_ID:00 SMT_ID:00 PhysMask:0x00000003 
CPU#00 L1I cache:    12K uops trace,              8 way, SMask:00000003
CPU#00 L1D cache:    16KB,   64 byte cache line,  8 way, SMask:00000001
CPU#00 L2  cache:  1024KB,   64 byte cache line,  8 way, SMask:00000001
CPU#01 Vendor: GenuineIntel CoreType:0x20000f44
CPU#01 Family: f Model: 04 Stepping: 4 Type: "              Intel(R) Pentium(R) D CPU 2.80GHz"
CPU#01 Features: TSC, FPU, CMOV, MMX, SSE, SSE2, SSE3, CMPXCHG8B, HTT
CPU#01 Frequency: 2800.12MHz  OS:5.1.2600 Service Pack 2
CPU#01 AffMask:0x00000002 APIC_ID:0x00000001 Phys_ID:000 Core_ID:00 SMT_ID:01 PhysMask:0x00000003 
CPU#01 L1I cache:    12K uops trace,              8 way, SMask:00000003
CPU#01 L1D cache:    16KB,   64 byte cache line,  8 way, SMask:00000002
CPU#01 L2  cache:  1024KB,   64 byte cache line,  8 way, SMask:00000002
CPU#00 AffMask:0x00000001 APIC_ID:0x00000000 Phys_ID:000 Core_ID:00 SMT_ID:00 PhysMask:0x00000003 
CPU#01 AffMask:0x00000002 APIC_ID:0x00000001 Phys_ID:000 Core_ID:00 SMT_ID:01 PhysMask:0x00000003 
Parameters: "-ph -d4094 -l "
Memory Latency ProcMask:0x00000001 #NOP:0
*** Linear Read Latency ***
Stride,     4,   8,  16,  32,  64, 128, 256, 512,  1K,  2K,  4K,  8K, 16K,
   0.25K,   3,   3,   3,   3,   3,   4,
   0.50K,   3,   3,   3,   3,   3,   5,   5,
    1.0K,   4,   4,   4,   4,   4,   4,   4,   4,
    2.0K,   4,   4,   4,   4,   4,   4,   4,   4,   4,
    4.0K,   4,   4,   4,   4,   4,   4,   4,   4,   4,   4,
    8.0K,   4,   4,   4,   4,   4,   4,   4,   4,   4,   4,   4,
   16.0K,   4,   4,   4,   4,   4,   4,   4,   4,   4,   4,   4,   4,
   32.0K,   6,   8,  10,  19,  27,  26,  30,  28,  28,  28,   4,   4,   4,
   64.0K,   6,   8,  10,  19,  28,  32,  28,  28,  28,  28,  28,   4,   4,
  128.0K,   6,   8,  10,  20,  28,  28,  28,  28,  28,  28,  28,  28,   4,
  256.0K,   6,   8,  10,  17,  28,  28,  28,  28,  28,  28,  28,  28,  28,
  512.0K,   6,   8,  11,  21,  29,  30,  31,  33,  38,  47,  65,  28,  28,
 1024.0K,   6,   8,  12,  21,  30,  32,  35,  38,  42,  52,  75,  65,  28,
 2048.0K,   6,   9,  13,  24,  40, 113, 274, 288, 295, 310, 343,  68,  60,
 4096.0K,   6,   9,  13,  24,  40, 112, 274, 288, 296, 311, 344, 344,  82,
 8192.0K,   6,   9,  13,  24,  40, 113, 274, 287, 295, 312, 342, 465, 346,
16384.0K,   6,   9,  13,  24,  40, 113, 274, 287, 296, 313, 347, 350, 470,
*** Backward Read Latency ***
Stride,     4,   8,  16,  32,  64, 128, 256, 512,  1K,  2K,  4K,  8K, 16K,
   0.25K,   3,   3,   3,   3,   3,   6,
   0.50K,   3,   3,   3,   3,   3,   5,   5,
    1.0K,   4,   4,   4,   4,   4,   4,   4,   4,
    2.0K,   4,   4,   4,   4,   4,   4,   4,   4,   4,
    4.0K,   4,   4,   4,   4,   4,   4,   4,   4,   4,   4,
    8.0K,   4,   4,   4,   4,   4,   4,   4,   4,   4,   4,   4,
   16.0K,   4,   4,   4,   4,   4,   4,   4,   4,   4,   4,   4,   4,
   32.0K,   6,   8,  10,  21,  30,  31,  32,  28,  28,  28,   4,   4,   4,
   64.0K,   6,   8,  11,  19,  29,  32,  26,  26,  28,  28,  28,   4,   4,
  128.0K,   6,   8,  11,  21,  28,  30,  31,  28,  28,  28,  28,  28,   4,
  256.0K,   6,   8,  10,  21,  29,  28,  28,  28,  28,  28,  28,  28,  28,
  512.0K,   6,   8,  11,  21,  30,  30,  31,  33,  38,  47,  65,  27,  28,
 1024.0K,   6,   8,  12,  21,  30,  32,  35,  38,  42,  52,  75,  65,  28,
 2048.0K,   6,   9,  13,  24,  41, 120, 281, 287, 293, 309, 344,  70,  60,
 4096.0K,   6,   9,  13,  24,  40, 121, 282, 286, 294, 310, 343, 344,  83,
 8192.0K,   6,   9,  13,  24,  41, 122, 284, 286, 294, 310, 344, 345, 345,
16384.0K,   6,   9,  13,  24,  41, 121, 284, 287, 294, 312, 349, 470, 480,
*** BlockRandom Read Latency ***
Block,      8,  16,  32,  64, 128, 256, 512,  1K,  2K,  4K,  8K, 16K,
   0.50K,   3,
    1.0K,   4,   4,
    2.0K,   4,   4,   4,
    4.0K,   4,   4,   4,   4,
    8.0K,   4,   4,   4,   4,   4,
   16.0K,   4,   4,   4,   4,   4,   4,
   32.0K,  28,  28,  28,  28,  28,  29,  28,
   64.0K,  28,  28,  28,  28,  28,  28,  29,  28,
  128.0K,  28,  29,  28,  29,  28,  29,  28,  28,  28,
  256.0K,  28,  28,  28,  28,  28,  28,  28,  28,  28,  28,
  512.0K,  29,  29,  29,  29,  29,  29,  29,  29,  29,  30,  46,
 1024.0K,  30,  30,  30,  31,  31,  31,  31,  31,  31,  31,  52,  60,
 2048.0K,  44,  59,  96, 107, 116, 124, 128, 130, 151, 160, 179, 196,
 4096.0K,  44,  59,  97, 107, 117, 124, 127, 131, 152, 160, 179, 196,
 8192.0K,  44,  59,  97, 107, 117, 124, 128, 131, 152, 160, 179, 196,
16384.0K,  44,  59,  97, 107, 117, 124, 128, 131, 152, 160, 179, 197,
*** Random Read Latency ***
Stride,     4,   8,  16,  32,  64, 128, 256, 512,  1K,  2K,  4K,  8K, 16K,
   0.25K,   3,   3,   3,   3,   3,   4,
   0.50K,   3,   3,   3,   3,   3,   5,   5,
    1.0K,   4,   4,   4,   4,   4,   4,   4,   4,
    2.0K,   4,   4,   4,   4,   4,   4,   4,   4,   4,
    4.0K,   4,   4,   4,   4,   4,   4,   4,   4,   4,   4,
    8.0K,   4,   4,   4,   4,   4,   4,   4,   4,   4,   4,   4,
   16.0K,   4,   4,   4,   5,   4,   4,   4,   4,   4,   4,   4,   4,
   32.0K,  17,  19,  19,  22,  28,  28,  28,  28,  28,  28,   4,   4,   4,
   64.0K,  24,  25,  25,  27,  28,  28,  28,  28,  28,  28,  28,   4,   4,
  128.0K,  27,  27,  27,  28,  28,  28,  28,  28,  28,  28,  28,  26,   4,
  256.0K,  28,  28,  28,  28,  28,  28,  28,  28,  28,  28,  28,  28,  28,
  512.0K,  46,  46,  46,  46,  46,  47,  47,  48,  52,  56,  65,  28,  28,
 1024.0K,  56,  56,  56,  58,  60,  58,  60,  61,  62,  63,  71,  65,  28,
 2048.0K, 206, 209, 214, 227, 257, 335, 340, 348, 345, 346, 352,  70,  61,
 4096.0K, 284, 287, 290, 297, 313, 347, 349, 350, 350, 351, 356, 352,  78,
 8192.0K, 327, 328, 330, 333, 342, 354, 351, 352, 352, 352, 357, 357, 356,
16384.0K, 349, 350, 350, 352, 356, 362, 361, 362, 364, 368, 374, 375, 376,
*** CacheLine Forward Read Latency ***
Distance,   8,  16,  24,  32,  48,  64,  96, 128, 160, 192, 224, 256, 288,
    8.0K,   4,   4,   4,   4,   4,   4,   4,   4,   4,   4,   4,
   16.0K,   4,   4,   4,   4,   4,   4,   4,   4,   4,   4,   4,   4,
   32.0K,  16,  16,  16,  16,  16,  25,  25,  25,  25,  25,  25,  25,  25,
   64.0K,  16,  16,  16,  16,  16,  25,  25,  25,  25,  25,  25,  25,  25,
  128.0K,  16,  16,  16,  16,  16,  25,  25,  25,  25,  25,  25,  25,  25,
  256.0K,  16,  16,  16,  16,  16,  25,  25,  25,  25,  25,  25,  25,  25,
  512.0K,  19,  19,  18,  18,  18,  28,  28,  28,  28,  28,  28,  28,  28,
 1024.0K,  20,  20,  20,  20,  21,  30,  30,  30,  30,  30,  30,  32,  32,
 2048.0K, 153, 154, 153, 152, 154, 176, 175, 184, 185, 189, 193, 277, 278,
 4096.0K, 154, 154, 154, 154, 153, 176, 176, 185, 187, 188, 193, 277, 279,
 8192.0K, 153, 154, 153, 154, 154, 176, 176, 185, 187, 189, 193, 278, 279,
16384.0K, 154, 154, 154, 154, 154, 176, 176, 184, 187, 189, 193, 279, 278,
*** CacheLine Backward Read Latency ***
Distance,   8,  16,  24,  32,  48,  64,  96, 128, 160, 192, 224, 256, 288,
    8.0K,   4,   4,   4,   4,   4,   4,   4,   4,   4,   4,   4,
   16.0K,   4,   4,   4,   4,   4,   4,   4,   4,   4,   4,   4,   4,
   32.0K,  16,  16,  16,  16,  16,  25,  25,  25,  25,  25,  25,  25,  25,
   64.0K,  16,  16,  16,  16,  16,  25,  25,  25,  25,  25,  25,  25,  25,
  128.0K,  16,  16,  16,  16,  16,  25,  25,  25,  25,  25,  25,  25,  25,
  256.0K,  16,  16,  16,  16,  16,  25,  25,  25,  25,  25,  25,  25,  25,
  512.0K,  18,  18,  18,  18,  18,  28,  28,  28,  28,  28,  28,  28,  28,
 1024.0K,  20,  20,  21,  21,  21,  29,  29,  31,  31,  31,  32,  31,  31,
 2048.0K, 152, 152, 150, 152, 152, 173, 173, 287, 288, 288, 287, 217, 217,
 4096.0K, 152, 152, 152, 151, 152, 174, 175, 288, 288, 288, 288, 218, 217,
 8192.0K, 152, 152, 152, 152, 152, 174, 175, 288, 289, 288, 288, 218, 218,
16384.0K, 152, 152, 152, 152, 152, 175, 175, 288, 288, 288, 288, 218, 218,
BenchMemLat exit code: 0x0100
L1D cacheline size: 64 bytes      [Mode:6 Size:    32K, Stride:   512, #NOP:  0, UnRoll:64]
L2  cacheline size:128 bytes      [Mode:6 Size:  2048K, Stride:   512, #NOP:  0, UnRoll:64]
Mem latency: 103.960ns( 291 clks) [Mode:1 Size: 16384K, Stride:  1024, #NOP:  1, UnRoll:64]
L1D latency:   1.416ns(   4 clks) [Mode:1 Size:    16K, Stride:    64, #NOP:  0, UnRoll:64]
L2  latency:   9.545ns(  27 clks) [Mode:1 Size:  1024K, Stride:   128, #NOP:  6, UnRoll:64]
Running time:    175 seconds.
