Copyright (C) 1995-2018 FinalWire Ltd. All rights reserved.
aida_bench64.dll build: 4.3.15792.0 Oct 31 2018 16:25:13
MS915G Arch:X64 CPUCount:2 NUMA:0 Freq: 3200.15MHz Priority:080
OS:6.1.7600 
Memory: 1047928KB AllocGran:0x00010000 P:0x00001000 LP:0x0000000000200000
Memory To Test:16384KB 4K DTLB: 32 2M DTLB: 32 CLFlush:64
ProcMask: 0x0000000000000003 
Features: X86,TSC,X87,CMOV,MMX,SSE,SSE2,SSE3,AMD64,CMPX8,CMPX16,HTT,CLFLUSH,LNOP,PSE,
CPU#000 Vendor: GenuineIntel Family: f Model: 04 Stepping: 3 CoreType:0x20000f43
CPU#000 Type: "              Intel(R) Pentium(R) 4 CPU 3.20GHz"
CPU#000 AffMask: 0x0000000000000001 
CPU#000 PhysMask:0x0000000000000003 
CPU#000 APIC_ID:0x00000000 Phys_ID:000 Core_ID:00 SMT_ID:00 
CPU#000 L1I cache:     12K uops trace,              8 way, SMask:0000000000000003 
CPU#000 L1D cache:     16KB,   64 byte cache line,  8 way, SMask:0000000000000003 
CPU#000 L2  cache:   2048KB,   64 byte cache line,  8 way, SMask:0000000000000003, inclusive
CPU#000 L1D 4K+2M TLB:         64 entries,           full, SMask:0000000000000003
CPU#000 L1I 4K+2M TLB:         64 entries,           full, SMask:0000000000000003
CPU#001 Vendor: GenuineIntel Family: f Model: 04 Stepping: 3 CoreType:0x20000f43
CPU#001 Type: "              Intel(R) Pentium(R) 4 CPU 3.20GHz"
CPU#001 AffMask: 0x0000000000000002 
CPU#001 PhysMask:0x0000000000000003 
CPU#001 APIC_ID:0x00000001 Phys_ID:000 Core_ID:00 SMT_ID:01 
CPU#001 L1I cache:     12K uops trace,              8 way, SMask:0000000000000003 
CPU#001 L1D cache:     16KB,   64 byte cache line,  8 way, SMask:0000000000000003 
CPU#001 L2  cache:   2048KB,   64 byte cache line,  8 way, SMask:0000000000000003, inclusive
CPU#001 L1D 4K+2M TLB:         64 entries,           full, SMask:0000000000000003
CPU#001 L1I 4K+2M TLB:         64 entries,           full, SMask:0000000000000003
NGMemLat #  0 Pmask:0x0000000000000002 Thread(s):  1
Page_Random Tests
Stride:       8   16   32   64  128  256  512   1K   2K   4K   8K  16K 
       2 KB   5    5    5    5    4    4    4    4 
       3 KB   4    4    4    4    4    4    4    4 
       4 KB   4    4    4    4    4    4    4    4    4 
       6 KB   4    4    4    4    4    4    4    4    4 
       8 KB   4    4    4    4    4    4    4    4    4    4 
      12 KB   5    4    4    4    4    4    4    4    4    4 
      16 KB   4    4    5    4    4    4    4    4    4    4    4 
      24 KB  15   16   19   28   28   28   28   28   28    4    4 
      32 KB  19   21   24   28   28   28   28   28   28    4    4    4 
      48 KB  24   24   26   28   28   28   28   28   28   28    4    4 
      64 KB  25   26   27   28   28   28   28   28   28   28    4    4 
      96 KB  26   27   27   28   28   28   28   28   28   28   28    4 
     128 KB  27   29   28   28   28   28   28   28   28   28   28    4 
     192 KB  27   27   28   28   28   28   28   28   28   28   28   28 
     256 KB  27   28   28   28   28   28   28   28   29   28   28   28 
     384 KB  27   28   28   29   30   31   34   38   48   64   28   28 
     512 KB  27   28   28   29   30   31   33   38   47   65   28   28 
     768 KB  27   28   28   29   30   31   33   38   47   64   64   28 
    1024 KB  27   28   28   29   30   31   33   38   47   65   65   29 
    1536 KB  28   28   28   29   30   31   34   38   47   65   65   65 
    2048 KB  30   30   32   34   38   41   49   48   57   77   65   66 
    3072 KB  44   61   95  165  303  345  355  361  376  405  176   65 
    4096 KB  44   61   96  165  304  345  356  362  377  406  375   66 
    6144 KB  44   61   95  165  304  344  354  362  376  406  356  263 
    8192 KB  44   61   95  164  304  346  355  361  375  405  395  286 
   12288 KB  44   61   96  166  303  346  356  363  378  408  411  415 
   16384 KB  45   62   96  166  304  346  356  364  379  408  412  433 
   24576 KB  44   62   96  165  304  346  356  364  378  409  411  419 
   32768 KB  44   61   96  166  306  349  359  364  379  410  412  420 
   49152 KB  46   62   96  166  305  346  357  364  379  410  412  413 
   65536 KB  45   61   96  166  305  349  359  367  379  410  412  413 
Linear_Forward Tests
Stride:       8   16   32   64  128  256  512   1K   2K   4K   8K  16K 
       2 KB   4    4    4    4    4    4    4    4 
       3 KB   4    4    4    4    4    4    4    4 
       4 KB   4    4    4    4    4    4    4    4    4 
       6 KB   4    4    4    4    4    4    4    4    4 
       8 KB   4    4    4    4    4    4    4    4    4    4 
      12 KB   5    4    4    4    4    4    4    4    4    4 
      16 KB   4    4    4    4    4    4    4    4    4    4    4 
      24 KB   8   11   20   28   28   28   28   28   28    4    4 
      32 KB   8   10   21   28   28   28   28   28   28    4    4    4 
      48 KB   8   11   20   28   28   28   28   28   28   28    4    4 
      64 KB   8   10   21   28   28   28   28   28   28   30    4    4 
      96 KB   8   11   21   28   28   28   28   28   28   28   28    4 
     128 KB   8   11   21   28   28   28   28   28   28   28   28    4 
     192 KB   8   10   21   28   28   28   28   28   28   28   28   28 
     256 KB   8   11   21   28   28   28   28   28   28   29   28   28 
     384 KB   8   11   21   29   30   31   33   37   47   64   28   28 
     512 KB   8   12   21   29   30   31   33   38   47   64   29   28 
     768 KB   8   11   21   29   30   31   33   38   47   64   65   28 
    1024 KB   8   11   21   29   30   31   33   38   47   65   65   28 
    1536 KB   8   11   21   30   30   31   33   38   47   65   65   66 
    2048 KB   8   12   21   30   35   41   43   48   60   77   65   65 
    3072 KB   9   14   25   43  111  276  292  307  340  406  355   66 
    4096 KB   9   14   25   43  114  277  292  307  340  406  291   65 
    6144 KB   9   14   25   43  111  280  292  307  341  406  404  173 
    8192 KB   9   14   26   43  112  277  292  307  340  405  405  282 
   12288 KB   9   14   25   43  111  278  292  308  342  408  370  419 
   16384 KB   9   14   25   43  111  278  292  308  342  408  412  418 
   24576 KB   9   14   25   43  111  277  292  308  342  408  412  388 
   32768 KB   9   14   25   43  111  278  292  308  343  410  413  415 
   49152 KB   9   14   25   43  113  277  293  308  342  410  412  420 
   65536 KB   9   14   25   43  111  278  292  308  342  410  414  420 
Linear_Backward Tests
Stride:       8   16   32   64  128  256  512   1K   2K   4K   8K  16K 
       2 KB   4    4    4    4    4    4    4    4 
       3 KB   4    4    4    4    4    4    4    4 
       4 KB   4    4    4    4    4    4    4    4    4 
       6 KB   4    4    4    4    4    4    4    4    4 
       8 KB   4    4    4    4    4    4    4    4    4    4 
      12 KB   5    4    4    4    4    4    4    4    4    4 
      16 KB   4    4    4    4    4    4    4    4    4    4    4 
      24 KB   8   11   20   28   28   29   28   28   28    4    4 
      32 KB   8   10   21   28   28   28   28   28   28    4    4    4 
      48 KB   8   10   20   28   28   28   28   28   28   28    4    4 
      64 KB   8   10   21   28   28   28   28   28   28   28    4    4 
      96 KB   8   10   20   28   28   28   28   28   28   28   28    4 
     128 KB   8   10   21   28   28   28   28   28   28   28   28    4 
     192 KB   8   10   21   28   28   28   28   28   28   28   28   28 
     256 KB   8   10   21   28   28   28   28   28   28   28   28   28 
     384 KB   8   11   21   29   30   31   33   37   47   64   28   28 
     512 KB   8   11   21   29   30   31   33   38   47   64   28   28 
     768 KB   8   11   21   29   30   31   33   38   47   64   64   28 
    1024 KB   8   11   21   29   30   32   33   38   47   65   65   29 
    1536 KB   8   11   21   30   30   31   33   38   47   65   66   65 
    2048 KB   8   12   21   31   36   41   46   48   60   77   65   66 
    3072 KB   9   14   25   43  128  284  290  305  340  409   65   65 
    4096 KB   9   14   26   43  129  285  290  308  340  406  345   65 
    6144 KB   9   14   25   43  129  287  291  305  339  404  334  299 
    8192 KB   9   14   25   43  129  288  291  306  340  405  405  310 
   12288 KB   9   14   25   43  128  285  290  310  341  411  414  340 
   16384 KB   9   14   25   43  129  285  291  306  341  410  414  415 
   24576 KB   9   14   25   43  128  285  291  306  341  409  414  404 
   32768 KB   9   14   25   43  128  285  290  306  342  411  414  425 
   49152 KB   9   14   26   43  128  285  291  306  342  412  415  425 
   65536 KB   9   14   25   43  130  284  295  306  342  411  415  425 
Random_Full Tests
Stride:       8   16   32   64  128  256  512   1K   2K   4K   8K  16K 
       2 KB   4    4    4    4    4    4    4    4 
       3 KB   4    4    4    4    4    4    4    4 
       4 KB   4    4    4    4    4    4    4    4    4 
       6 KB   4    4    4    4    4    4    4    4    4 
       8 KB   4    4    4    4    4    4    4    4    4    4 
      12 KB   4    4    4    4    4    4    4    4    4    4 
      16 KB   5    5    5    5    4    4    4    4    4    4    4 
      24 KB  15   15   19   28   28   28   28   28   28    4    4 
      32 KB  20   20   23   28   28   28   28   28   28    4    4    4 
      48 KB  24   24   25   28   28   28   28   28   28   28    4    4 
      64 KB  25   25   27   28   28   28   28   28   28   28    4    4 
      96 KB  26   27   28   28   28   28   28   28   28   28   28    4 
     128 KB  27   27   28   28   28   28   28   28   28   28   28    4 
     192 KB  28   28   28   28   28   28   28   28   28   28   28   29 
     256 KB  28   29   29   28   28   28   28   28   28   28   28   28 
     384 KB  41   40   40   41   41   42   42   44   48   63   28   28 
     512 KB  47   47   47   47   47   48   49   52   53   63   29   28 
     768 KB  53   54   53   53   53   54   55   56   58   63   63   28 
    1024 KB  56   57   56   57   57   57   58   59   61   65   66   28 
    1536 KB  61   60   60   60   61   62   62   61   63   65   66   66 
    2048 KB  69   67   69   76   77   83   76   73   73   79   66   66 
    3072 KB 186  193  210  248  379  388  398  398  399  404   66   66 
    4096 KB 244  256  266  300  387  393  399  399  401  406  384   66 
    6144 KB 303  311  319  343  395  398  399  399  406  405  388  239 
    8192 KB 333  339  349  367  403  400  401  400  402  412  348  370 
   12288 KB 363  367  374  388  410  407  410  413  411  426  417  423 
   16384 KB 378  381  391  397  411  413  411  416  422  428  427  382 
   24576 KB 393  395  398  405  419  418  416  417  428  435  430  434 
   32768 KB 403  404  407  412  420  416  422  424  433  440  445  430 
   49152 KB 424  425  427  430  436  437  439  443  453  460  448  465 
   65536 KB 437  437  438  440  445  448  449  466  463  473  472  475 
CacheLine_Forward Tests
Distance:     8   16   24   32   48   64   96  128  160  192  224  256 
       8 KB   4    4    4    4    4    4    4    4    4    4    4    4 
      12 KB   4    4    4    4    4    4    4    4    4    4    4    4 
      16 KB   4    4    4    4    4    4    4    5    5    4    4    5 
      24 KB  20   20   20   20   20   28   29   28   28   28   28   29 
      32 KB  20   20   21   21   21   29   29   28   28   29   29   29 
      48 KB  20   21   20   20   20   29   28   29   29   29   28   28 
      64 KB  21   20   20   20   21   29   29   29   28   28   29   29 
      96 KB  20   20   20   20   20   29   28   28   29   29   29   28 
     128 KB  20   20   20   20   20   28   29   29   29   28   28   29 
     192 KB  21   20   20   20   21   29   29   28   28   29   29   29 
     256 KB  20   21   21   21   21   29   29   28   29   29   29   28 
     384 KB  22   22   22   22   22   31   31   31   31   31   31   31 
     512 KB  22   23   23   22   22   31   32   31   31   31   31   31 
     768 KB  22   22   22   22   22   31   31   31   31   31   31   31 
    1024 KB  22   22   22   22   22   31   32   31   31   31   31   31 
    1536 KB  22   22   22   22   22   32   32   32   31   32   32   32 
    2048 KB  29   27   47   55   56   42   40   70   71   71   40   82 
    3072 KB 153  154  154  171  174  200  201  198  207  208  223  276 
    4096 KB 153  154  155  172  175  201  201  203  206  208  224  279 
    6144 KB 152  152  153  171  175  200  201  202  205  207  223  279 
    8192 KB 152  152  155  171  175  201  201  204  206  208  224  277 
   12288 KB 154  154  155  173  175  201  201  201  206  208  224  277 
   16384 KB 153  153  155  173  174  201  201  201  206  208  224  278 
   24576 KB 153  153  154  172  175  200  200  201  208  206  223  280 
   32768 KB 152  154  154  172  175  200  201  199  207  208  222  279 
   49152 KB 153  152  154  172  175  201  200  200  207  207  225  277 
   65536 KB 153  152  154  172  175  200  201  199  207  207  222  278 
CacheLine_Backward Tests
Distance:     8   16   24   32   48   64   96  128  160  192  224  256 
       8 KB   4    4    4    4    4    4    4    4    4    4    4    4 
      12 KB   4    4    4    4    4    4    4    4    4    4    4    4 
      16 KB   4    4    4    4    4    4    4    4    4    4    4    4 
      24 KB  20   20   20   20   20   28   28   28   28   28   28   28 
      32 KB  20   20   20   21   20   28   28   28   28   28   28   28 
      48 KB  20   20   20   20   20   28   28   28   28   28   29   28 
      64 KB  21   21   21   21   21   28   28   28   28   28   28   28 
      96 KB  20   20   20   20   20   28   28   28   28   28   28   28 
     128 KB  20   20   20   20   20   28   28   28   28   28   28   28 
     192 KB  20   20   20   20   21   28   28   28   28   28   28   28 
     256 KB  21   21   21   21   21   28   28   28   28   28   28   28 
     384 KB  22   22   22   22   22   31   31   31   31   31   31   31 
     512 KB  22   22   22   22   22   31   31   31   31   31   31   31 
     768 KB  22   22   22   22   22   31   31   31   31   31   31   31 
    1024 KB  22   22   22   22   22   31   31   31   31   31   31   31 
    1536 KB  22   22   22   22   22   31   31   31   31   31   31   31 
    2048 KB  27   27   27   27   29   40   40   39   41   41   39   41 
    3072 KB 151  151  151  170  171  196  196  228  228  218  215  284 
    4096 KB 151  151  152  169  172  197  197  229  229  215  218  285 
    6144 KB 151  151  151  169  171  196  196  231  228  215  214  284 
    8192 KB 151  151  152  169  172  196  197  229  230  215  215  285 
   12288 KB 151  151  152  169  172  197  197  228  229  218  215  284 
   16384 KB 151  151  152  169  172  197  197  228  228  215  218  285 
   24576 KB 151  151  152  169  172  197  197  228  228  215  215  285 
   32768 KB 151  151  152  169  172  197  197  229  228  215  215  285 
   49152 KB 151  151  152  169  172  197  197  228  229  215  215  285 
   65536 KB 151  162  152  170  172  197  197  228  229  215  215  285 
Page_Random 2CL Tests
Block:       4K   8K  16K  32K  64K 128K 
       4 KB   4 
       6 KB   4 
       8 KB   4    4 
      12 KB   4    4 
      16 KB   5    4    5 
      24 KB  28   28   28 
      32 KB  28   28   28   28 
      48 KB  28   28   28   28 
      64 KB  28   28   28   28   28 
      96 KB  28   28   28   28   28 
     128 KB  28   28   28   28   28   28 
     192 KB  28   28   28   28   28   28 
     256 KB  28   28   28   28   28   28 
     384 KB  30   30   30   30   30   30 
     512 KB  30   30   30   30   30   30 
     768 KB  30   30   30   30   30   30 
    1024 KB  30   30   30   30   30   30 
    1536 KB  30   30   30   30   30   30 
    2048 KB  37   38   39   38   41   40 
    3072 KB 189  207  225  235  253  303 
    4096 KB 190  209  220  235  254  304 
    6144 KB 190  211  221  233  252  304 
    8192 KB 190  210  222  234  255  304 
   12288 KB 190  207  221  233  253  304 
   16384 KB 190  207  221  234  255  304 
   24576 KB 190  209  221  236  255  304 
   32768 KB 190  208  220  234  254  306 
   49152 KB 190  207  221  235  256  305 
   65536 KB 191  210  222  235  255  305 
Page_Random 1CL Tests
Block:       4K   8K  16K  32K  64K 128K 
       4 KB   4 
       6 KB   4 
       8 KB   4    4 
      12 KB   5    4 
      16 KB   5    5    4 
      24 KB  28   28   28 
      32 KB  28   28   28   28 
      48 KB  28   28   28   28 
      64 KB  30   28   28   28   28 
      96 KB  28   28   28   28   28 
     128 KB  28   28   28   28   28   28 
     192 KB  28   28   28   28   28   28 
     256 KB  28   28   28   28   28   28 
     384 KB  29   29   29   29   29   29 
     512 KB  29   29   29   29   29   29 
     768 KB  29   29   29   29   29   29 
    1024 KB  29   29   31   29   29   29 
    1536 KB  31   30   29   29   29   30 
    2048 KB  34   33   34   35   34   34 
    3072 KB 109  116  124  129  138  167 
    4096 KB 108  116  123  128  138  165 
    6144 KB 108  116  122  128  138  165 
    8192 KB 108  118  123  128  138  165 
   12288 KB 108  116  124  128  138  165 
   16384 KB 109  117  124  128  139  166 
   24576 KB 109  117  124  128  138  165 
   32768 KB 109  116  122  128  138  166 
   49152 KB 109  117  124  129  138  166 
   65536 KB 109  117  124  129  138  166 
BenchNGMemLat exit code: 0x1300
NGMemLat #  0 Pmask:0x0000000000000002 Thread(s):  1
Best Page_Random Tests
M32768 Mem   95.224 nsec  304.732 clks (MemSize:  16384 KiB Stride:  128 Movs:   64 Reps: 131072 B:131072 RT: 10.384 s) ------
M32768 L1D    1.307 nsec    4.184 clks (MemSize:     16 KiB Stride:   64 Movs:   64 Reps:  32768 B:131072 RT: 10.001 s) ------
M32768 L2     9.765 nsec   31.250 clks (MemSize:   2036 KiB Stride:   64 Movs:   64 Reps:  32768 B:131072 RT: 10.014 s) ------
Best Linear_Forward Tests
M32769 Mem   34.940 nsec  111.814 clks (MemSize:  16384 KiB Stride:  128 Movs:   64 Reps: 131072 B:131072 RT: 10.258 s) ------
M32769 L1D    1.304 nsec    4.173 clks (MemSize:     16 KiB Stride:   64 Movs:   64 Reps:  32768 B:131072 RT: 10.002 s) ------
M32769 L2     9.466 nsec   30.292 clks (MemSize:   2036 KiB Stride:   64 Movs:   64 Reps:  32768 B:131072 RT: 10.005 s) ------
Best Linear_Backward Tests
M32770 Mem   40.245 nsec  128.790 clks (MemSize:  16384 KiB Stride:  128 Movs:   64 Reps: 131072 B:131072 RT: 10.128 s) ------
M32770 L1D    1.307 nsec    4.182 clks (MemSize:     16 KiB Stride:   64 Movs:   64 Reps:  32768 B:131072 RT: 10.001 s) ------
M32770 L2     9.521 nsec   30.468 clks (MemSize:   2036 KiB Stride:   64 Movs:   64 Reps:  32768 B:131072 RT: 10.003 s) ------
Best Random_Full Tests
M32771 Mem  128.423 nsec  410.973 clks (MemSize:  16384 KiB Stride:  128 Movs:   64 Reps: 131072 B:131072 RT: 10.773 s) ------
M32771 L1D    1.377 nsec    4.408 clks (MemSize:     16 KiB Stride:   64 Movs:   64 Reps:  32768 B:131072 RT: 10.001 s) ------
M32771 L2    23.360 nsec   74.755 clks (MemSize:   2036 KiB Stride:   64 Movs:   64 Reps:  32768 B:131072 RT: 10.043 s) ------
