Copyright (C) 2003, 2009 Lavalys Consulting Group, Inc. All rights reserved.
everest_bench.dll build: 2.4.257.0 Jan 19 2009 01:57:35
CPUCount: 1, procMask: 0x00000001 Size of Memory: 1009692KB Priority:080
CPU#00 Vendor: GenuineIntel CoreType:0x200006e8
CPU#00 Family: 6 Model: 0e Stepping: 8 Type: "Intel(R) Celeron(R) CPU          215  @ 1.33GHz"
CPU#00 Features: TSC, FPU, CMOV, MMX, SSE, SSE2, SSE3, CMPXCHG8B
CPU#00 Frequency: 1333.36MHz  OS:5.1.2600 Service Pack 2
CPU#00 AffMask:0x00000001 APIC_ID:0x00000000 Phys_ID:000 Core_ID:00 SMT_ID:00 PhysMask:0x00000001 
CPU#00 L1I cache:    32KB,   64 byte cache line,  8 way, SMask:00000001
CPU#00 L1D cache:    32KB,   64 byte cache line,  8 way, SMask:00000001
CPU#00 L2  cache:   512KB,   64 byte cache line,  2 way, SMask:00000001
CPU#00 AffMask:0x00000001 APIC_ID:0x00000000 Phys_ID:000 Core_ID:00 SMT_ID:00 PhysMask:0x00000001 
Parameters: "-ph -d4094 -l "
Memory Latency ProcMask:0x00000001 #NOP:0
*** Linear Read Latency ***
Stride,     4,   8,  16,  32,  64, 128, 256, 512,  1K,  2K,  4K,  8K, 16K,
   0.25K,   3,   3,   3,   3,   3,   3,
   0.50K,   3,   3,   3,   3,   3,   3,   3,
    1.0K,   3,   3,   3,   3,   3,   3,   3,   3,
    2.0K,   3,   3,   3,   3,   3,   3,   3,   3,   3,
    4.0K,   3,   3,   3,   3,   3,   3,   3,   3,   3,   3,
    8.0K,   3,   3,   3,   3,   3,   3,   3,   3,   3,   3,   3,
   16.0K,   3,   3,   3,   3,   3,   3,   3,   3,   3,   3,   3,   3,
   32.0K,   3,   3,   3,   3,   3,   3,   3,   3,   3,   3,   3,   3,   3,
   64.0K,   3,   3,   5,  11,  14,  14,  14,  14,  14,  14,  14,   3,   3,
  128.0K,   3,   3,   5,  11,  14,  14,  14,  14,  14,  14,  14,  14,   3,
  256.0K,   3,   3,   5,  11,  14,  14,  14,  14,  14,  14,  14,  14,  14,
  512.0K,   3,   3,   5,  11,  14,  14,  14,  14,  14,  14,  14,  14,  14,
 1024.0K,   4,   7,  13,  27,  53, 217, 219, 220, 221, 230, 254,  24,  19,
 2048.0K,   4,   7,  13,  27,  52, 218, 218, 217, 222, 234, 254, 254,  24,
 4096.0K,   4,   7,  13,  27,  52, 217, 218, 220, 225, 234, 254, 254, 255,
 8192.0K,   4,   7,  13,  27,  52, 217, 219, 220, 225, 230, 250, 255, 255,
16384.0K,   4,   7,  13,  27,  52, 217, 219, 220, 225, 234, 254, 255, 256,
*** Backward Read Latency ***
Stride,     4,   8,  16,  32,  64, 128, 256, 512,  1K,  2K,  4K,  8K, 16K,
   0.25K,   3,   3,   3,   3,   3,   3,
   0.50K,   3,   3,   3,   3,   3,   3,   3,
    1.0K,   3,   3,   3,   3,   3,   3,   3,   3,
    2.0K,   3,   3,   3,   3,   3,   3,   3,   3,   3,
    4.0K,   3,   3,   3,   3,   3,   3,   3,   3,   3,   3,
    8.0K,   3,   3,   3,   3,   3,   3,   3,   3,   3,   3,   3,
   16.0K,   3,   3,   3,   3,   3,   3,   3,   3,   3,   3,   3,   3,
   32.0K,   3,   3,   3,   3,   3,   3,   3,   3,   3,   3,   3,   3,   3,
   64.0K,   4,   4,   6,  11,  14,  14,  14,  14,  14,  14,  14,   3,   3,
  128.0K,   4,   4,   6,  11,  14,  14,  14,  14,  14,  14,  14,  14,   3,
  256.0K,   4,   4,   6,  11,  14,  14,  14,  14,  14,  14,  14,  14,  14,
  512.0K,   4,   4,   6,  11,  14,  14,  14,  14,  14,  14,  14,  14,  14,
 1024.0K,   4,   7,  14,  27,  52, 216, 217, 220, 224, 233, 254,  24,  19,
 2048.0K,   4,   7,  14,  27,  52, 216, 218, 220, 225, 234, 253, 254,  24,
 4096.0K,   4,   7,  14,  27,  52, 217, 219, 220, 223, 234, 254, 254, 256,
 8192.0K,   4,   7,  14,  27,  52, 217, 218, 221, 225, 231, 254, 251, 255,
16384.0K,   4,   7,  14,  27,  53, 217, 218, 220, 224, 233, 253, 251, 251,
*** BlockRandom Read Latency ***
Block,      8,  16,  32,  64, 128, 256, 512,  1K,  2K,  4K,  8K, 16K,
   0.50K,   3,
    1.0K,   3,   3,
    2.0K,   3,   3,   3,
    4.0K,   3,   3,   3,   3,
    8.0K,   3,   3,   3,   3,   3,
   16.0K,   3,   3,   3,   3,   3,   3,
   32.0K,   3,   3,   3,   3,   3,   3,   3,
   64.0K,  14,  14,  14,  14,  14,  14,  14,  14,
  128.0K,  14,  14,  14,  14,  14,  14,  14,  14,  14,
  256.0K,  14,  14,  14,  14,  14,  14,  14,  14,  14,  14,
  512.0K,  14,  14,  14,  14,  14,  14,  14,  14,  14,  14,  14,
 1024.0K,  70,  87, 101, 112, 120, 120, 123, 126, 131, 131, 133, 173,
 2048.0K,  69,  87, 101, 112, 116, 120, 124, 126, 130, 132, 133, 192,
 4096.0K,  70,  87, 102, 112, 116, 120, 126, 127, 130, 132, 133, 192,
 8192.0K,  70,  87, 102, 112, 117, 122, 125, 127, 131, 132, 133, 192,
16384.0K,  70,  87, 103, 112, 118, 122, 125, 127, 131, 132, 133, 192,
*** Random Read Latency ***
Stride,     4,   8,  16,  32,  64, 128, 256, 512,  1K,  2K,  4K,  8K, 16K,
   0.25K,   3,   3,   3,   3,   3,   3,
   0.50K,   3,   3,   3,   3,   3,   3,   3,
    1.0K,   3,   3,   3,   3,   3,   3,   3,   3,
    2.0K,   3,   3,   3,   3,   3,   3,   3,   3,   3,
    4.0K,   3,   3,   3,   3,   3,   3,   3,   3,   3,   3,
    8.0K,   3,   3,   3,   3,   3,   3,   3,   3,   3,   3,   3,
   16.0K,   3,   3,   3,   3,   3,   3,   3,   3,   3,   3,   3,   3,
   32.0K,   3,   3,   3,   3,   3,   3,   3,   3,   3,   3,   3,   3,   3,
   64.0K,   9,   9,  10,  11,  14,  14,  14,  14,  14,  14,  14,   3,   3,
  128.0K,  11,  12,  12,  13,  14,  14,  14,  14,  14,  14,  14,  14,   3,
  256.0K,  13,  13,  13,  13,  14,  14,  14,  14,  14,  14,  14,  14,  14,
  512.0K,  13,  13,  13,  14,  14,  14,  14,  14,  14,  14,  14,  14,  14,
 1024.0K, 137, 139, 145, 154, 172, 252, 252, 254, 250, 253, 254,  23,  19,
 2048.0K, 197, 199, 202, 208, 221, 255, 254, 256, 255, 251, 255, 254,  25,
 4096.0K, 230, 231, 232, 235, 242, 257, 257, 255, 256, 256, 252, 256, 253,
 8192.0K, 252, 252, 253, 255, 259, 264, 264, 263, 264, 263, 262, 262, 261,
16384.0K, 268, 268, 269, 269, 271, 270, 270, 270, 268, 266, 265, 265, 264,
*** CacheLine Forward Read Latency ***
Distance,   8,  16,  24,  32,  48,  64,  96, 128, 160, 192, 224, 256, 288,
    8.0K,   3,   3,   3,   3,   3,   3,   3,   3,   3,   3,   3,
   16.0K,   3,   3,   3,   3,   3,   3,   3,   3,   3,   3,   3,   3,
   32.0K,   3,   3,   3,   3,   3,   3,   3,   3,   3,   3,   3,   3,   3,
   64.0K,   9,   9,   9,   9,   9,  14,  14,  14,  14,  14,  14,  14,  14,
  128.0K,   9,   9,   9,   9,   9,  14,  14,  14,  14,  14,  14,  14,  14,
  256.0K,   9,   9,   9,   9,   9,  14,  14,  14,  14,  14,  14,  14,  14,
  512.0K,   9,   9,   9,   9,   9,  14,  14,  14,  14,  14,  14,  14,  14,
 1024.0K, 109, 109, 110, 107, 110, 132, 130, 220, 222, 220, 222, 222, 221,
 2048.0K, 110, 108, 108, 109, 108, 130, 130, 221, 221, 221, 222, 222, 222,
 4096.0K, 109, 109, 109, 109, 110, 133, 132, 222, 222, 222, 222, 222, 222,
 8192.0K, 109, 110, 109, 110, 109, 133, 134, 222, 222, 222, 222, 222, 222,
16384.0K, 110, 110, 110, 110, 110, 133, 134, 222, 222, 222, 222, 222, 222,
*** CacheLine Backward Read Latency ***
Distance,   8,  16,  24,  32,  48,  64,  96, 128, 160, 192, 224, 256, 288,
    8.0K,   3,   3,   3,   3,   3,   3,   3,   3,   3,   3,   3,
   16.0K,   3,   3,   3,   3,   3,   3,   3,   3,   3,   3,   3,   3,
   32.0K,   3,   3,   3,   3,   3,   3,   3,   3,   3,   3,   3,   3,   3,
   64.0K,   9,   9,   9,   9,   9,  14,  14,  14,  14,  14,  14,  14,  14,
  128.0K,   9,   9,   9,   9,   9,  14,  14,  14,  14,  14,  14,  14,  14,
  256.0K,   9,   9,   9,   9,   9,  14,  14,  14,  14,  14,  14,  14,  14,
  512.0K,   9,   9,   9,   9,   9,  14,  14,  14,  14,  14,  14,  14,  14,
 1024.0K, 108, 110, 110, 108, 110, 132, 133, 220, 222, 221, 220, 222, 221,
 2048.0K, 109, 108, 109, 110, 109, 131, 130, 222, 221, 222, 221, 221, 222,
 4096.0K, 110, 110, 110, 109, 109, 131, 132, 222, 222, 222, 222, 222, 222,
 8192.0K, 109, 109, 110, 110, 110, 132, 132, 222, 222, 222, 222, 222, 222,
16384.0K, 110, 110, 110, 110, 110, 132, 132, 222, 222, 222, 222, 222, 222,
BenchMemLat exit code: 0x0100
L1D cacheline size: 64 bytes      [Mode:6 Size:    64K, Stride:   512, #NOP:  0, UnRoll:64]
L2  cacheline size:128 bytes      [Mode:6 Size:  1024K, Stride:   512, #NOP:  0, UnRoll:64]
Mem latency: 166.172ns( 222 clks) [Mode:1 Size: 16384K, Stride:  1024, #NOP:115, UnRoll:64]
L1D latency:   2.238ns(   3 clks) [Mode:1 Size:    32K, Stride:    64, #NOP:  0, UnRoll:64]
L2  latency:  10.627ns(  14 clks) [Mode:1 Size:   512K, Stride:   128, #NOP:  0, UnRoll:64]
Running time:    238 seconds.
