Copyright (C) 2003, 2009 Lavalys Consulting Group, Inc. All rights reserved.
everest_bench.dll build: 2.4.273.0 Oct 21 2009 23:53:40
CPUCount: 1, procMask: 0x00000001 Size of Memory: 523764KB Priority:020
CPU#00 Vendor: RiseRiseRise CoreType:0x60000580
CPU#00 Family: 5 Model: 08 Stepping: 0
CPU#00 Features: TSC, FPU, MMX
CPU#00 Frequency:  200.40MHz  OS:5.1.2600 Szervizcsomag 2
CPU#00 AffMask:0x00000001 APIC_ID:0x00000000 Phys_ID:000 Core_ID:00 SMT_ID:00 PhysMask:0x00000001 
CPU#00 L1I cache:     8KB,   32 byte cache line,  2 way, SMask:00000001
CPU#00 L1D cache:     8KB,   32 byte cache line,  2 way, SMask:00000001
Memory Latency ProcMask:0x00000001 #NOP:0
*** Linear Read Latency ***
Stride,     4,   8,  16,  32,  64, 128, 256, 512,  1K,  2K,  4K,  8K,
   0.25K,   2,   2,   2,   2,   2,   2,
   0.50K,   2,   2,   2,   2,   2,   2,   2,
    1.0K,   2,   2,   2,   2,   2,   2,   2,   2,
    2.0K,   2,   2,   2,   2,   2,   2,   2,   2,   2,
    4.0K,   2,   2,   2,   2,   2,   2,   2,   2,   2,   2,
    8.0K,   2,   2,   2,   2,   2,   2,   2,   2,   2,   2,   2,
   16.0K,   3,   3,   5,   9,   9,   9,   9,   9,   9,   9,   9,   5,
   32.0K,   3,   3,   5,   9,   9,   9,   9,   9,   9,   9,  10,  10,
   64.0K,   3,   3,   5,   9,   9,   9,   9,   9,   9,   9,   9,   9,
  128.0K,   3,   3,   5,   9,   9,   9,   9,   9,   9,   9,   9,   9,
  256.0K,   3,   3,   5,   9,   9,   9,   9,   9,   9,   9,   9,   9,
  512.0K,   4,   7,  11,  21,  21,  21,  21,  20,  20,  21,  20,   9,
 1024.0K,   5,   7,  11,  23,  23,  23,  22,  23,  24,  26,  28,  24,
 2048.0K,   5,   8,  12,  22,  23,  24,  26,  26,  27,  30,  34,  28,
 4096.0K,   7,  11,  20,  39,  39,  38,  38,  39,  40,  41,  46,  33,
 8192.0K,   7,  12,  21,  41,  41,  41,  41,  41,  43,  47,  48,  44,
16384.0K,   7,  12,  21,  42,  41,  41,  41,  43,  43,  46,  53,  50,
*** Backward Read Latency ***
Stride,     4,   8,  16,  32,  64, 128, 256, 512,  1K,  2K,  4K,  8K,
   0.25K,   2,   2,   2,   2,   2,   2,
   0.50K,   2,   2,   2,   2,   2,   2,   2,
    1.0K,   2,   2,   2,   2,   2,   2,   2,   2,
    2.0K,   2,   2,   2,   2,   2,   2,   2,   2,   2,
    4.0K,   2,   2,   2,   2,   2,   2,   2,   2,   2,   2,
    8.0K,   2,   2,   2,   2,   2,   2,   2,   2,   2,   2,   2,
   16.0K,   3,   3,   5,   9,   9,   9,   9,   9,   9,   9,   9,   5,
   32.0K,   3,   3,   5,   9,   9,   9,   9,   9,   9,   9,  10,  10,
   64.0K,   3,   3,   5,   9,   9,   9,   9,   9,   9,   9,   9,   9,
  128.0K,   3,   3,   5,   9,   9,   9,   9,   9,   9,   9,   9,   9,
  256.0K,   3,   3,   5,   9,   9,   9,   9,   9,   9,   9,   9,   9,
  512.0K,   4,   7,  10,  21,  20,  20,  20,  22,  21,  22,  21,   9,
 1024.0K,   4,   7,  11,  22,  23,  23,  24,  23,  23,  28,  30,  25,
 2048.0K,   5,   9,  14,  28,  28,  28,  28,  28,  30,  31,  39,  28,
 4096.0K,   7,  11,  19,  38,  39,  39,  39,  39,  41,  42,  46,  32,
 8192.0K,   7,  12,  21,  41,  41,  41,  41,  42,  43,  46,  52,  49,
16384.0K,   7,  12,  21,  41,  41,  41,  42,  42,  44,  46,  52,  51,
*** BlockRandom Read Latency ***
Block,      8,  16,  32,  64, 128, 256, 512,  1K,  2K,  4K,  8K,
   0.25K,   2,
   0.50K,   2,   2,
    1.0K,   2,   2,   2,
    2.0K,   2,   2,   2,   2,
    4.0K,   2,   2,   2,   2,   2,
    8.0K,   2,   2,   2,   2,   2,   2,
   16.0K,   9,   9,   9,   9,   9,   9,   9,
   32.0K,   9,   9,   9,   9,   9,   9,   9,   9,
   64.0K,   9,   9,   9,   9,   9,   9,   9,   9,   9,
  128.0K,   9,   9,   9,   9,   9,   9,   9,   9,   9,   9,
  256.0K,   9,   9,   9,   9,   9,   9,   9,   9,   9,   9,   9,
  512.0K,  21,  20,  21,  21,  21,  22,  20,  21,  21,  21,  20,
 1024.0K,  23,  24,  24,  24,  24,  24,  25,  25,  24,  23,  26,
 2048.0K,  29,  30,  31,  31,  31,  31,  30,  31,  31,  31,  31,
 4096.0K,  39,  39,  39,  39,  39,  39,  39,  39,  39,  39,  38,
 8192.0K,  41,  41,  41,  41,  41,  41,  41,  41,  41,  41,  41,
16384.0K,  42,  42,  42,  42,  42,  42,  42,  42,  42,  42,  42,
*** Random Read Latency ***
Stride,     4,   8,  16,  32,  64, 128, 256, 512,  1K,  2K,  4K,  8K,
   0.25K,   2,   2,   2,   2,   2,   2,
   0.50K,   2,   2,   2,   2,   2,   2,   2,
    1.0K,   2,   2,   2,   2,   2,   2,   2,   2,
    2.0K,   2,   2,   2,   2,   2,   2,   2,   2,   2,
    4.0K,   2,   2,   2,   2,   2,   2,   2,   2,   2,   2,
    8.0K,   2,   2,   2,   2,   2,   2,   2,   2,   2,   2,   2,
   16.0K,   5,   5,   6,   9,   9,   9,   9,   9,   9,   9,   9,   5,
   32.0K,   7,   7,   8,   9,   9,   9,   9,   9,   9,   9,  10,  10,
   64.0K,   8,   8,   8,   9,   9,   9,   9,   9,   9,   9,   9,   9,
  128.0K,   9,   9,   9,   9,   9,   9,   9,   9,   9,   9,   9,   9,
  256.0K,   9,   9,   9,   9,   9,   9,   9,   9,   9,   9,   9,   9,
  512.0K,  15,  17,  17,  23,  22,  21,  20,  20,  21,  21,  21,   9,
 1024.0K,  30,  31,  31,  33,  32,  30,  29,  27,  31,  27,  38,  29,
 2048.0K,  36,  37,  38,  41,  38,  37,  37,  36,  38,  36,  35,  32,
 4096.0K,  44,  45,  46,  51,  49,  47,  44,  47,  43,  47,  42,  42,
 8192.0K,  50,  51,  52,  55,  53,  52,  52,  49,  50,  49,  47,  49,
16384.0K,  58,  58,  63,  60,  55,  58,  53,  53,  52,  55,  54,  54,
*** CacheLine Forward Read Latency ***
Distance,   8,  16,  24,  32,  48,  64,  96, 128, 160, 192, 224, 256,
    8.0K,   2,   2,   2,   2,   2,   2,   2,   2,   2,   2,   2,
   16.0K,   4,   4,   4,   6,   6,   6,   6,   6,   6,   6,   6,   6,
   32.0K,   4,   4,   4,   6,   6,   6,   6,   6,   6,   6,   6,   6,
   64.0K,   4,   4,   4,   6,   6,   6,   6,   6,   6,   6,   6,   6,
  128.0K,   4,   4,   4,   6,   6,   6,   6,   6,   6,   6,   6,   6,
  256.0K,   4,   4,   4,   6,   6,   6,   6,   6,   6,   6,   6,   6,
  512.0K,  10,   8,   9,  15,  17,  16,  16,  15,  15,  16,  16,  16,
 1024.0K,  11,  11,  11,  19,  19,  20,  20,  19,  19,  20,  20,  19,
 2048.0K,  14,  14,  14,  26,  25,  24,  24,  25,  25,  23,  25,  25,
 4096.0K,  18,  18,  18,  33,  33,  33,  32,  32,  33,  33,  33,  33,
 8192.0K,  19,  19,  19,  35,  36,  35,  36,  35,  35,  35,  35,  35,
16384.0K,  19,  19,  19,  36,  36,  36,  36,  36,  35,  36,  35,  36,
*** CacheLine Backward Read Latency ***
Distance,   8,  16,  24,  32,  48,  64,  96, 128, 160, 192, 224, 256,
    8.0K,   2,   2,   2,   2,   2,   2,   2,   2,   2,   2,   2,
   16.0K,   4,   4,   4,   6,   6,   6,   6,   6,   6,   6,   6,   6,
   32.0K,   4,   4,   4,   6,   6,   6,   6,   6,   6,   6,   6,   6,
   64.0K,   4,   4,   4,   6,   6,   6,   6,   6,   6,   6,   6,   6,
  128.0K,   4,   4,   4,   6,   6,   6,   6,   6,   6,   6,   6,   6,
  256.0K,   4,   4,   4,   6,   6,   6,   6,   6,   6,   6,   6,   6,
  512.0K,   9,   9,   9,  14,  16,  15,  15,  14,  15,  16,  14,  15,
 1024.0K,  12,  11,  11,  19,  18,  19,  19,  17,  19,  19,  20,  18,
 2048.0K,  14,  15,  15,  26,  24,  26,  26,  25,  26,  25,  26,  25,
 4096.0K,  18,  18,  18,  33,  33,  33,  33,  32,  32,  32,  33,  33,
 8192.0K,  19,  19,  19,  36,  35,  35,  35,  35,  36,  35,  35,  35,
16384.0K,  19,  19,  19,  35,  36,  36,  36,  36,  36,  35,  36,  36,
BenchMemLat exit code: 0x0100
L1D cacheline size: 32 bytes      [Mode:6 Size:    16K, Stride:   512, #NOP:  0, UnRoll:16]
Mem latency: 215.559ns(  43 clks) [Mode:1 Size: 16384K, Stride:  1024, #NOP:  0, UnRoll:8]
L1D latency:   9.826ns(   2 clks) [Mode:1 Size:     8K, Stride:    32, #NOP:  0, UnRoll:64]
Running time:    691 seconds.
