Copyright (C) 2003, 2009 Lavalys Consulting Group, Inc. All rights reserved.
everest_bench.dll build: 2.4.273.0 Oct 21 2009 23:53:40
CPUCount: 1, procMask: 0x00000001 Size of Memory: 523764KB Priority:020
CPU#00 Vendor: RiseRiseRise CoreType:0x60000521
CPU#00 Family: 5 Modell: 02 Stepping: 1
CPU#00 Features: TSC, FPU, MMX
CPU#00 Frequency:  200.40MHz  OS:5.1.2600 Szervizcsomag 2
CPU#00 AffMask:0x00000001 APIC_ID:0x00000000 Phys_ID:000 Core_ID:00 SMT_ID:00 PhysMask:0x00000001 
CPU#00 L1I cache:     8KB,   32 byte cache line,  2 way, SMask:00000001
CPU#00 L1D cache:     8KB,   32 byte cache line,  2 way, SMask:00000001
Memory Latency ProcMask:0x00000001 #NOP:0
*** Linear Read Latency ***
Stride,     4,   8,  16,  32,  64, 128, 256, 512,  1K,  2K,  4K,  8K,
   0.25K,   2,   2,   2,   2,   2,   2,
   0.50K,   2,   2,   2,   2,   2,   2,   2,
    1.0K,   2,   2,   2,   2,   2,   2,   2,   2,
    2.0K,   2,   2,   2,   2,   2,   2,   2,   2,   2,
    4.0K,   2,   2,   2,   2,   2,   2,   2,   2,   2,   2,
    8.0K,   2,   2,   2,   2,   2,   2,   2,   2,   2,   2,   2,
   16.0K,   4,   5,   8,  16,  16,  16,  16,  16,  16,  16,  15,   5,
   32.0K,   4,   5,   8,  16,  16,  16,  16,  16,  16,  16,  16,  16,
   64.0K,   4,   5,   8,  16,  16,  16,  16,  16,  16,  16,  16,  16,
  128.0K,   4,   6,   8,  16,  16,  16,  16,  16,  16,  16,  16,  16,
  256.0K,   4,   6,   8,  16,  16,  16,  16,  16,  16,  16,  16,  16,
  512.0K,   4,   6,   9,  17,  17,  16,  17,  16,  17,  17,  18,  16,
 1024.0K,   4,   6,   9,  20,  19,  19,  20,  20,  22,  24,  31,  25,
 2048.0K,   5,   7,  10,  19,  19,  18,  20,  21,  24,  28,  37,  27,
 4096.0K,   6,  10,  18,  34,  34,  34,  36,  35,  36,  40,  46,  35,
 8192.0K,   6,  11,  18,  37,  37,  37,  37,  38,  40,  43,  49,  41,
16384.0K,   6,  11,  18,  37,  37,  37,  37,  38,  40,  43,  49,  44,
*** Backward Read Latency ***
Stride,     4,   8,  16,  32,  64, 128, 256, 512,  1K,  2K,  4K,  8K,
   0.25K,   2,   2,   2,   2,   2,   2,
   0.50K,   2,   2,   2,   2,   2,   2,   2,
    1.0K,   2,   2,   2,   2,   2,   2,   2,   2,
    2.0K,   2,   2,   2,   2,   2,   2,   2,   2,   2,
    4.0K,   2,   2,   2,   2,   2,   2,   2,   2,   2,   2,
    8.0K,   2,   2,   2,   2,   2,   2,   2,   2,   2,   2,   2,
   16.0K,   4,   5,   8,  16,  16,  16,  16,  16,  16,  16,  15,   5,
   32.0K,   4,   5,   8,  16,  16,  16,  16,  16,  16,  16,  16,  16,
   64.0K,   4,   5,   8,  16,  16,  16,  16,  16,  16,  16,  16,  16,
  128.0K,   4,   6,   8,  16,  16,  16,  16,  16,  16,  16,  16,  16,
  256.0K,   4,   6,   8,  16,  16,  16,  16,  16,  16,  16,  16,  16,
  512.0K,   4,   6,   8,  16,  17,  18,  17,  16,  18,  19,  17,  16,
 1024.0K,   4,   7,  10,  21,  21,  21,  23,  22,  24,  28,  33,  26,
 2048.0K,   5,   8,  13,  26,  26,  27,  26,  28,  30,  33,  39,  28,
 4096.0K,   6,  10,  17,  35,  35,  35,  35,  36,  37,  40,  46,  31,
 8192.0K,   6,  11,  18,  37,  37,  37,  37,  38,  39,  42,  50,  42,
16384.0K,   6,  11,  18,  37,  37,  37,  37,  38,  40,  43,  49,  45,
*** BlockRandom Read Latency ***
Block,      8,  16,  32,  64, 128, 256, 512,  1K,  2K,  4K,  8K,
   0.25K,   2,
   0.50K,   2,   2,
    1.0K,   2,   2,   2,
    2.0K,   2,   2,   2,   2,
    4.0K,   2,   2,   2,   2,   2,
    8.0K,   2,   2,   2,   2,   2,   2,
   16.0K,  16,  16,  16,  16,  16,  16,  16,
   32.0K,  16,  16,  16,  16,  16,  16,  16,  16,
   64.0K,  16,  16,  16,  16,  16,  16,  16,  16,  16,
  128.0K,  16,  16,  16,  16,  16,  16,  16,  16,  16,  16,
  256.0K,  16,  16,  16,  16,  16,  17,  16,  16,  16,  16,  16,
  512.0K,  17,  17,  17,  17,  17,  16,  17,  16,  16,  18,  17,
 1024.0K,  18,  20,  19,  19,  20,  19,  20,  19,  19,  19,  19,
 2048.0K,  24,  23,  24,  23,  24,  23,  23,  24,  24,  24,  24,
 4096.0K,  34,  34,  34,  34,  34,  34,  34,  34,  34,  35,  34,
 8192.0K,  37,  37,  37,  37,  37,  37,  37,  37,  37,  37,  37,
16384.0K,  37,  37,  37,  37,  37,  37,  37,  37,  37,  37,  37,
*** Random Read Latency ***
Stride,     4,   8,  16,  32,  64, 128, 256, 512,  1K,  2K,  4K,  8K,
   0.25K,   2,   2,   2,   2,   2,   2,
   0.50K,   2,   2,   2,   2,   2,   2,   2,
    1.0K,   2,   2,   2,   2,   2,   2,   2,   2,
    2.0K,   2,   2,   2,   2,   2,   2,   2,   2,   2,
    4.0K,   2,   2,   2,   2,   2,   2,   2,   2,   2,   2,
    8.0K,   2,   2,   2,   2,   2,   2,   2,   2,   2,   2,   2,
   16.0K,   9,   9,  11,  16,  16,  16,  16,  16,  16,  16,  15,   5,
   32.0K,  12,  13,  14,  16,  16,  16,  16,  21,  16,  16,  16,  16,
   64.0K,  17,  14,  16,  16,  16,  16,  16,  16,  16,  16,  16,  16,
  128.0K,  15,  15,  16,  16,  16,  16,  16,  16,  16,  16,  16,  16,
  256.0K,  16,  16,  16,  16,  16,  16,  16,  16,  16,  16,  16,  16,
  512.0K,  17,  17,  16,  17,  17,  18,  17,  17,  17,  17,  18,  16,
 1024.0K,  25,  25,  25,  26,  26,  26,  26,  28,  26,  27,  29,  25,
 2048.0K,  29,  29,  30,  35,  34,  34,  33,  33,  33,  33,  33,  28,
 4096.0K,  36,  36,  38,  42,  42,  43,  42,  42,  43,  42,  42,  34,
 8192.0K,  42,  42,  43,  46,  46,  46,  46,  46,  46,  46,  46,  43,
16384.0K,  47,  47,  48,  49,  49,  49,  49,  49,  49,  49,  49,  50,
*** CacheLine Forward Read Latency ***
Distance,   8,  16,  24,  32,  48,  64,  96, 128, 160, 192, 224, 256,
    8.0K,   2,   2,   2,   2,   2,   2,   2,   2,   2,   2,   2,
   16.0K,   6,   6,   6,  10,  10,  10,  10,  10,  10,  10,  10,  10,
   32.0K,   6,   6,   6,  10,  10,  10,  10,  10,  10,  10,  10,  10,
   64.0K,   6,   6,   6,  10,  10,  10,  10,  10,  10,  10,  10,  10,
  128.0K,   6,   6,   6,  10,  10,  10,  10,  10,  10,  10,  10,  10,
  256.0K,   6,   6,   6,  10,  10,  10,  10,  10,  10,  10,  10,  10,
  512.0K,   6,   7,   7,  11,  11,  11,  11,  12,  11,  11,  10,  11,
 1024.0K,   9,   9,   9,  15,  15,  15,  15,  13,  15,  14,  15,  15,
 2048.0K,  12,  12,  12,  21,  20,  21,  22,  21,  22,  22,  21,  22,
 4096.0K,  16,  16,  16,  29,  29,  29,  29,  28,  29,  29,  29,  29,
 8192.0K,  17,  17,  17,  31,  31,  31,  31,  31,  31,  31,  31,  31,
16384.0K,  18,  17,  17,  32,  32,  32,  32,  32,  32,  32,  32,  32,
*** CacheLine Backward Read Latency ***
Distance,   8,  16,  24,  32,  48,  64,  96, 128, 160, 192, 224, 256,
    8.0K,   2,   2,   2,   2,   2,   2,   2,   2,   2,   2,   2,
   16.0K,   6,   6,   6,  10,  10,  10,  10,  10,  10,  10,  15,  10,
   32.0K,   6,   6,   6,  15,  12,  15,  10,  10,  10,  10,  10,  10,
   64.0K,   6,   7,   7,  11,  10,  10,  10,  11,  11,  10,  10,  10,
  128.0K,   6,   6,   6,  10,  10,  10,  10,  10,  10,  10,  10,  10,
  256.0K,   6,   6,   6,  10,  10,  10,  10,  10,  10,  10,  10,  10,
  512.0K,   7,   7,   7,  11,  12,  11,  12,  11,  12,  11,  12,  11,
 1024.0K,   9,   9,  10,  14,  16,  16,  16,  15,  14,  16,  15,  15,
 2048.0K,  12,  12,  12,  21,  21,  21,  21,  21,  22,  21,  21,  21,
 4096.0K,  16,  16,  16,  29,  29,  29,  29,  29,  28,  29,  29,  29,
 8192.0K,  17,  17,  17,  31,  31,  31,  31,  31,  31,  31,  31,  31,
16384.0K,  17,  17,  17,  32,  32,  32,  32,  32,  32,  32,  32,  32,
BenchMemLat exit code: 0x0100
L1D cacheline size: 32 bytes      [Mode:6 Size:    16K, Stride:   512, #NOP:  0, UnRoll:16]
Mem latency: 198.079ns(  40 clks) [Mode:1 Size: 16384K, Stride:  1024, #NOP:  0, UnRoll:8]
L1D latency:   9.826ns(   2 clks) [Mode:1 Size:     8K, Stride:    32, #NOP:  0, UnRoll:64]
Running time:    647 seconds.
