Copyright (C) 2003, 2009 Lavalys Consulting Group, Inc. All rights reserved.
everest_bench.dll build: 2.4.273.0 Oct 21 2009 23:53:40
CPUCount: 1, procMask: 0x00000001 Size of Memory: 523764KB Priority:020
CPU#00 Vendor: RiseRiseRise CoreType:0x60000504
CPU#00 Family: 5 Model: 00 Stepping: 4
CPU#00 Features: TSC, FPU, MMX
CPU#00 Frequency:  200.41MHz  OS:5.1.2600 Szervizcsomag 2
CPU#00 AffMask:0x00000001 APIC_ID:0x00000000 Phys_ID:000 Core_ID:00 SMT_ID:00 PhysMask:0x00000001 
CPU#00 L1I cache:     8KB,   32 byte cache line,  2 way, SMask:00000001
CPU#00 L1D cache:     8KB,   32 byte cache line,  2 way, SMask:00000001
Memory Latency ProcMask:0x00000001 #NOP:0
*** Linear Read Latency ***
Stride,     4,   8,  16,  32,  64, 128, 256, 512,  1K,  2K,  4K,  8K,
   0.25K,   2,   2,   2,   2,   2,   2,
   0.50K,   2,   2,   2,   2,   2,   2,   2,
    1.0K,   2,   2,   2,   2,   2,   2,   2,   2,
    2.0K,   2,   2,   2,   2,   2,   2,   2,   2,   2,
    4.0K,   2,   2,   2,   2,   2,   2,   2,   2,   2,   2,
    8.0K,   2,   2,   2,   2,   2,   2,   2,   2,   2,   2,   2,
   16.0K,   4,   5,   8,  16,  16,  16,  16,  16,  16,  16,  15,   5,
   32.0K,   4,   5,   8,  16,  16,  16,  16,  16,  16,  16,  16,  16,
   64.0K,   4,   5,   8,  16,  16,  16,  16,  16,  16,  16,  16,  16,
  128.0K,   4,   5,   8,  16,  16,  16,  16,  16,  16,  16,  16,  16,
  256.0K,   4,   6,   8,  16,  16,  16,  16,  16,  16,  16,  16,  16,
  512.0K,   4,   6,   8,  17,  17,  16,  17,  17,  17,  16,  16,  16,
 1024.0K,   4,   6,  10,  18,  17,  19,  18,  20,  20,  24,  30,  24,
 2048.0K,   4,   7,  10,  19,  18,  19,  22,  22,  26,  31,  37,  27,
 4096.0K,   6,  10,  17,  34,  34,  34,  35,  35,  37,  40,  45,  32,
 8192.0K,   6,  11,  18,  37,  37,  37,  37,  38,  40,  42,  48,  42,
16384.0K,   6,  11,  18,  37,  37,  37,  37,  38,  40,  43,  49,  45,
*** Backward Read Latency ***
Stride,     4,   8,  16,  32,  64, 128, 256, 512,  1K,  2K,  4K,  8K,
   0.25K,   2,   2,   2,   2,   2,   2,
   0.50K,   2,   2,   2,   2,   2,   2,   2,
    1.0K,   2,   2,   2,   2,   2,   2,   2,   2,
    2.0K,   2,   2,   2,   2,   2,   2,   2,   2,   2,
    4.0K,   2,   2,   2,   2,   2,   2,   2,   2,   2,   2,
    8.0K,   2,   2,   2,   2,   2,   2,   2,   2,   2,   2,   2,
   16.0K,   4,   5,   8,  16,  16,  16,  16,  16,  16,  16,  15,   5,
   32.0K,   4,   5,   8,  16,  16,  16,  16,  16,  16,  16,  16,  16,
   64.0K,   4,   5,   8,  16,  16,  16,  16,  16,  16,  16,  16,  16,
  128.0K,   4,   5,   8,  16,  16,  16,  16,  16,  16,  16,  16,  16,
  256.0K,   4,   6,   8,  16,  16,  16,  16,  16,  16,  17,  17,  16,
  512.0K,   4,   6,   9,  18,  17,  18,  17,  18,  19,  18,  20,  16,
 1024.0K,   4,   7,  11,  22,  22,  21,  20,  21,  23,  27,  31,  26,
 2048.0K,   5,   8,  14,  26,  26,  25,  27,  27,  30,  32,  38,  28,
 4096.0K,   6,  10,  17,  35,  35,  35,  35,  36,  37,  40,  46,  33,
 8192.0K,   6,  11,  18,  37,  37,  37,  37,  38,  40,  43,  49,  42,
16384.0K,   6,  11,  18,  37,  37,  37,  37,  38,  40,  43,  49,  44,
*** BlockRandom Read Latency ***
Block,      8,  16,  32,  64, 128, 256, 512,  1K,  2K,  4K,  8K,
   0.25K,   2,
   0.50K,   2,   2,
    1.0K,   2,   2,   2,
    2.0K,   2,   2,   2,   2,
    4.0K,   2,   2,   2,   2,   2,
    8.0K,   2,   2,   2,   2,   2,   2,
   16.0K,  16,  16,  16,  16,  16,  16,  16,
   32.0K,  16,  16,  16,  16,  16,  16,  16,  16,
   64.0K,  16,  16,  16,  16,  16,  16,  16,  16,  16,
  128.0K,  16,  16,  16,  16,  16,  16,  16,  16,  16,  16,
  256.0K,  16,  16,  16,  16,  16,  16,  16,  16,  16,  16,  16,
  512.0K,  17,  17,  17,  16,  16,  19,  16,  17,  18,  17,  17,
 1024.0K,  19,  20,  20,  20,  19,  19,  18,  20,  18,  19,  20,
 2048.0K,  24,  24,  24,  25,  25,  24,  26,  24,  25,  25,  26,
 4096.0K,  34,  34,  34,  34,  34,  34,  35,  35,  35,  34,  34,
 8192.0K,  37,  37,  37,  37,  37,  37,  37,  37,  37,  37,  37,
16384.0K,  37,  37,  37,  37,  37,  37,  37,  37,  37,  37,  37,
*** Random Read Latency ***
Stride,     4,   8,  16,  32,  64, 128, 256, 512,  1K,  2K,  4K,  8K,
   0.25K,   2,   2,   2,   2,   2,   2,
   0.50K,   2,   2,   2,   2,   2,   2,   2,
    1.0K,   2,   2,   2,   2,   2,   2,   2,   2,
    2.0K,   2,   2,   2,   2,   2,   2,   2,   2,   2,
    4.0K,   2,   2,   2,   2,   2,   2,   2,   2,   2,   2,
    8.0K,   2,   2,   2,   2,   2,   2,   2,   2,   2,   2,   2,
   16.0K,   9,   9,  11,  16,  16,  16,  16,  16,  16,  16,  15,   5,
   32.0K,  12,  13,  14,  16,  16,  16,  16,  16,  16,  16,  16,  16,
   64.0K,  14,  14,  15,  16,  16,  16,  16,  16,  16,  16,  16,  16,
  128.0K,  15,  15,  15,  16,  16,  16,  16,  16,  16,  16,  16,  16,
  256.0K,  16,  16,  16,  16,  16,  16,  16,  16,  16,  16,  16,  16,
  512.0K,  16,  16,  17,  18,  17,  17,  17,  17,  17,  18,  17,  16,
 1024.0K,  24,  25,  26,  26,  28,  25,  26,  26,  27,  28,  30,  25,
 2048.0K,  30,  29,  30,  33,  32,  33,  34,  32,  32,  32,  33,  28,
 4096.0K,  36,  37,  38,  43,  42,  42,  42,  42,  42,  42,  42,  34,
 8192.0K,  45,  42,  43,  46,  46,  46,  46,  46,  46,  46,  46,  43,
16384.0K,  47,  47,  48,  49,  49,  49,  49,  49,  49,  49,  49,  50,
*** CacheLine Forward Read Latency ***
Distance,   8,  16,  24,  32,  48,  64,  96, 128, 160, 192, 224, 256,
    8.0K,   2,   2,   2,   2,   2,   2,   2,   2,   2,   2,   2,
   16.0K,   6,   6,   6,  10,  10,  10,  10,  10,  10,  10,  10,  10,
   32.0K,   6,   6,   6,  10,  10,  10,  10,  10,  10,  10,  10,  10,
   64.0K,   6,   6,   6,  10,  10,  10,  10,  10,  10,  10,  10,  10,
  128.0K,   6,   6,   6,  10,  10,  10,  10,  10,  10,  10,  10,  10,
  256.0K,   6,   6,   6,  10,  10,  10,  10,  10,  10,  10,  10,  10,
  512.0K,   7,   6,   7,  11,  10,  12,  12,  11,  11,  11,  11,  12,
 1024.0K,   9,   9,   9,  15,  16,  16,  14,  16,  16,  16,  16,  15,
 2048.0K,  12,  13,  13,  22,  23,  22,  22,  23,  21,  21,  21,  21,
 4096.0K,  16,  16,  16,  29,  29,  29,  29,  29,  29,  29,  29,  29,
 8192.0K,  17,  17,  17,  31,  31,  31,  31,  31,  31,  31,  31,  31,
16384.0K,  17,  17,  17,  32,  32,  32,  32,  32,  32,  32,  32,  32,
*** CacheLine Backward Read Latency ***
Distance,   8,  16,  24,  32,  48,  64,  96, 128, 160, 192, 224, 256,
    8.0K,   2,   2,   2,   2,   2,   2,   2,   2,   2,   2,   2,
   16.0K,   6,   6,   6,  10,  10,  10,  10,  10,  10,  10,  10,  10,
   32.0K,   6,   6,   6,  10,  10,  10,  10,  10,  10,  10,  10,  10,
   64.0K,   6,   6,   6,  10,  10,  10,  10,  10,  10,  10,  10,  10,
  128.0K,   6,   6,   6,  10,  10,  10,  10,  10,  10,  10,  10,  10,
  256.0K,   6,   6,   6,  10,  10,  10,  10,  10,  10,  10,  10,  10,
  512.0K,   6,   8,   6,  13,  11,  11,  12,  13,  11,  12,  11,  10,
 1024.0K,   8,   9,   9,  15,  16,  15,  16,  15,  16,  14,  15,  14,
 2048.0K,  12,  12,  12,  21,  21,  20,  20,  21,  22,  21,  21,  21,
 4096.0K,  16,  16,  16,  29,  29,  29,  29,  29,  29,  29,  29,  29,
 8192.0K,  17,  17,  17,  31,  31,  31,  31,  32,  31,  31,  31,  31,
16384.0K,  17,  17,  17,  32,  32,  32,  32,  32,  32,  32,  32,  32,
BenchMemLat exit code: 0x0100
L1D cacheline size: 32 bytes      [Mode:6 Size:    16K, Stride:   512, #NOP:  0, UnRoll:16]
Mem latency: 198.093ns(  40 clks) [Mode:1 Size: 16384K, Stride:  1024, #NOP:  3, UnRoll:8]
L1D latency:   9.826ns(   2 clks) [Mode:1 Size:     8K, Stride:    32, #NOP:  0, UnRoll:64]
Running time:    649 seconds.
