Copyright (C) 2003, 2009 Lavalys Consulting Group, Inc. All rights reserved.
everest_bench.dll build: 2.4.257.0 Jan 19 2009 01:57:35
CPUCount: 1, procMask: 0x00000001 Size of Memory: 490996KB Priority:080
CPU#00 Vendor: GenuineIntel CoreType:0x20000f27
CPU#00 Family: f Model: 02 Stepping: 7 Type: "                Intel(R) Celeron(R) CPU 2.00GHz"
CPU#00 Features: TSC, FPU, CMOV, MMX, SSE, SSE2, CMPXCHG8B
CPU#00 Frequency: 2019.77MHz  OS:5.1.2600 Service Pack 2
CPU#00 AffMask:0x00000001 APIC_ID:0x00000000 Phys_ID:000 Core_ID:00 SMT_ID:00 PhysMask:0x00000001 
CPU#00 L1I cache:    12K uops trace,              8 way, SMask:00000001
CPU#00 L1D cache:     8KB,   64 byte cache line,  4 way, SMask:00000001
CPU#00 L2  cache:   128KB,   64 byte cache line,  2 way, SMask:00000001
CPU#00 AffMask:0x00000001 APIC_ID:0x00000000 Phys_ID:000 Core_ID:00 SMT_ID:00 PhysMask:0x00000001 
Parameters: "-ph -d4094 -l "
Memory Latency ProcMask:0x00000001 #NOP:0
*** Linear Read Latency ***
Stride,     4,   8,  16,  32,  64, 128, 256, 512,  1K,  2K,  4K,  8K, 16K,
   0.25K,   1,   1,   1,   1,   1,   1,
   0.50K,   2,   2,   2,   2,   2,   2,   2,
    1.0K,   2,   2,   2,   2,   2,   2,   2,   2,
    2.0K,   2,   2,   2,   2,   2,   2,   2,   2,   2,
    4.0K,   2,   2,   2,   2,   2,   2,   2,   2,   2,   2,
    8.0K,   2,   2,   2,   2,   2,   2,   2,   2,   2,   2,   2,
   16.0K,   2,   3,   4,  10,  18,  18,  18,  19,  19,  20,   2,   2,
   32.0K,   2,   3,   4,  11,  18,  18,  19,  19,  19,  20,  20,   2,   2,
   64.0K,   2,   3,   4,  11,  18,  18,  18,  19,  19,  19,  20,  19,   2,
  128.0K,   2,   3,   4,  11,  18,  18,  18,  19,  19,  19,  19,  19,  18,
  256.0K,   6,  11,  20,  40,  82, 319, 307, 326, 328, 322, 322,  21,  13,
  512.0K,   6,  11,  21,  41,  82, 322, 316, 323, 329, 332, 341, 317,  23,
 1024.0K,   6,  11,  21,  41,  81, 321, 316, 323, 328, 332, 341, 340, 313,
 2048.0K,   6,  11,  21,  40,  82, 321, 314, 324, 326, 332, 341, 341, 341,
 4096.0K,   6,  11,  21,  41,  82, 319, 310, 323, 325, 331, 341, 340, 340,
 8192.0K,   6,  11,  21,  41,  81, 317, 320, 323, 327, 331, 339, 340, 340,
16384.0K,   6,  11,  21,  41,  82, 318, 310, 319, 327, 331, 342, 343, 345,
*** Backward Read Latency ***
Stride,     4,   8,  16,  32,  64, 128, 256, 512,  1K,  2K,  4K,  8K, 16K,
   0.25K,   1,   1,   1,   1,   1,   1,
   0.50K,   2,   2,   2,   2,   2,   2,   2,
    1.0K,   2,   2,   2,   2,   2,   2,   2,   2,
    2.0K,   2,   2,   2,   2,   2,   2,   2,   2,   2,
    4.0K,   2,   2,   2,   2,   2,   2,   2,   2,   2,   2,
    8.0K,   2,   2,   2,   2,   2,   3,   2,   2,   2,   2,   2,
   16.0K,   3,   3,   7,  14,  18,  18,  18,  19,  19,  20,   2,   2,
   32.0K,   3,   4,   8,  16,  18,  18,  19,  19,  19,  21,  20,   2,   2,
   64.0K,   3,   4,   9,  18,  18,  18,  18,  19,  19,  19,  20,  19,   2,
  128.0K,   3,   4,   9,  18,  18,  18,  18,  19,  19,  19,  19,  19,  18,
  256.0K,   7,  11,  22,  42,  80, 324, 306, 324, 324, 322, 316,  22,  12,
  512.0K,   7,  11,  22,  43,  82, 327, 308, 324, 326, 328, 341, 323,  24,
 1024.0K,   7,  12,  22,  43,  80, 322, 308, 314, 324, 328, 342, 341, 315,
 2048.0K,   7,  11,  22,  43,  81, 319, 308, 321, 324, 326, 341, 340, 341,
 4096.0K,   7,  11,  22,  43,  81, 319, 308, 322, 323, 328, 341, 340, 339,
 8192.0K,   7,  11,  22,  43,  81, 319, 308, 322, 324, 328, 341, 340, 339,
16384.0K,   7,  11,  22,  43,  82, 319, 309, 321, 324, 327, 342, 343, 343,
*** BlockRandom Read Latency ***
Block,      8,  16,  32,  64, 128, 256, 512,  1K,  2K,  4K,  8K, 16K,
   0.50K,   2,
    1.0K,   2,   2,
    2.0K,   2,   2,   2,
    4.0K,   2,   2,   2,   2,
    8.0K,   2,   8,   3,   2,   2,
   16.0K,  18,  18,  18,  18,  18,  18,
   32.0K,  19,  18,  18,  18,  18,  18,  18,
   64.0K,  18,  18,  18,  18,  18,  18,  18,  18,
  128.0K,  18,  18,  18,  18,  18,  18,  18,  18,  19,
  256.0K,  97, 143, 164, 169, 166, 170, 165, 167, 167, 224,
  512.0K,  96, 147, 165, 167, 167, 166, 166, 167, 167, 242, 291,
 1024.0K,  95, 145, 165, 167, 166, 167, 166, 167, 168, 241, 295, 319,
 2048.0K,  96, 146, 164, 167, 167, 166, 166, 167, 167, 242, 295, 320,
 4096.0K,  96, 146, 164, 168, 167, 167, 166, 167, 168, 243, 295, 321,
 8192.0K,  96, 146, 164, 168, 167, 167, 167, 167, 168, 243, 296, 321,
16384.0K,  96, 147, 165, 168, 167, 167, 166, 167, 168, 243, 296, 321,
*** Random Read Latency ***
Stride,     4,   8,  16,  32,  64, 128, 256, 512,  1K,  2K,  4K,  8K, 16K,
   0.25K,   1,   1,   1,   1,   1,   1,
   0.50K,   2,   2,   2,   2,   2,   2,   2,
    1.0K,   2,   2,   2,   2,   2,   2,   2,   2,
    2.0K,   2,   2,   2,   2,   2,   2,   2,   2,   2,
    4.0K,   2,   2,   2,   2,   2,   2,   2,   2,   2,   2,
    8.0K,   2,   2,   2,   2,   2,   2,   2,   2,   2,   2,   2,
   16.0K,  14,  14,  14,  16,  18,  19,  19,  19,  20,  20,   2,   2,
   32.0K,  17,  17,  17,  17,  18,  19,  18,  20,  20,  20,  19,   2,   2,
   64.0K,  18,  18,  18,  18,  18,  19,  18,  19,  19,  19,  20,  19,   2,
  128.0K,  18,  18,  18,  19,  19,  19,  19,  19,  19,  20,  22,  24,  25,
  256.0K, 170, 172, 179, 188, 225, 320, 320, 321, 321, 320, 318,  22,  13,
  512.0K, 261, 263, 266, 273, 291, 330, 331, 331, 335, 338, 348, 320,  25,
 1024.0K, 304, 305, 307, 310, 319, 336, 337, 337, 338, 341, 347, 350, 328,
 2048.0K, 327, 327, 328, 330, 334, 341, 340, 341, 341, 342, 347, 350, 361,
 4096.0K, 341, 341, 342, 343, 346, 345, 345, 345, 346, 345, 347, 348, 356,
 8192.0K, 354, 355, 355, 355, 356, 353, 352, 351, 350, 349, 347, 350, 377,
16384.0K, 369, 369, 369, 369, 369, 366, 369, 369, 365, 360, 357, 359, 378,
*** CacheLine Forward Read Latency ***
Distance,   8,  16,  24,  32,  48,  64,  96, 128, 160, 192, 224, 256, 288,
    8.0K,   2,   2,   2,   2,   2,   2,   2,   2,   2,   2,   2,
   16.0K,  11,  11,  11,  11,  11,  20,  20,  20,  20,  20,  20,  20,
   32.0K,  12,  12,  12,  12,  12,  20,  20,  20,  20,  20,  20,  20,  20,
   64.0K,  12,  12,  12,  12,  12,  20,  20,  20,  20,  20,  20,  20,  20,
  128.0K,  13,  13,  13,  13,  13,  20,  20,  20,  20,  20,  20,  20,  20,
  256.0K, 176, 177, 178, 180, 181, 205, 205, 328, 328, 327, 325, 326, 326,
  512.0K, 179, 180, 180, 181, 183, 207, 209, 329, 330, 328, 331, 329, 330,
 1024.0K, 179, 179, 180, 181, 181, 208, 209, 329, 329, 330, 330, 329, 329,
 2048.0K, 179, 179, 180, 182, 182, 207, 209, 330, 330, 330, 330, 329, 330,
 4096.0K, 179, 180, 180, 181, 183, 208, 209, 330, 330, 331, 331, 330, 330,
 8192.0K, 180, 180, 181, 182, 183, 208, 209, 330, 330, 330, 330, 330, 330,
16384.0K, 180, 180, 180, 182, 183, 208, 209, 330, 330, 331, 330, 330, 330,
*** CacheLine Backward Read Latency ***
Distance,   8,  16,  24,  32,  48,  64,  96, 128, 160, 192, 224, 256, 288,
    8.0K,   2,   2,   2,   2,   2,   2,   2,   2,   2,   2,   2,
   16.0K,  11,  11,  11,  11,  11,  20,  20,  20,  20,  20,  20,  20,
   32.0K,  12,  12,  12,  12,  12,  20,  20,  20,  20,  20,  20,  20,  20,
   64.0K,  12,  12,  12,  12,  12,  20,  20,  20,  20,  20,  20,  20,  20,
  128.0K,  13,  13,  13,  13,  13,  20,  20,  20,  20,  20,  20,  20,  20,
  256.0K, 176, 178, 178, 179, 180, 205, 204, 326, 325, 326, 325, 327, 328,
  512.0K, 179, 179, 180, 181, 180, 208, 209, 330, 329, 331, 329, 330, 329,
 1024.0K, 179, 179, 179, 181, 182, 208, 209, 330, 329, 328, 329, 330, 330,
 2048.0K, 179, 179, 180, 181, 182, 208, 209, 330, 330, 329, 330, 330, 330,
 4096.0K, 179, 179, 180, 181, 182, 208, 209, 330, 330, 330, 331, 330, 330,
 8192.0K, 180, 179, 180, 181, 182, 208, 209, 330, 330, 330, 330, 330, 330,
16384.0K, 180, 179, 180, 181, 182, 208, 209, 330, 331, 331, 331, 330, 330,
BenchMemLat exit code: 0x0100
L1D cacheline size: 64 bytes      [Mode:6 Size:    16K, Stride:   512, #NOP:  0, UnRoll:32]
L2  cacheline size:128 bytes      [Mode:6 Size:   256K, Stride:   512, #NOP:  0, UnRoll:64]
Mem latency: 161.273ns( 326 clks) [Mode:1 Size: 16384K, Stride:  1024, #NOP: 26, UnRoll:64]
L1D latency:   0.961ns(   2 clks) [Mode:1 Size:     4K, Stride:    64, #NOP:  0, UnRoll:64]
L2  latency:   8.245ns(  17 clks) [Mode:1 Size:   128K, Stride:   128, #NOP: 18, UnRoll:64]
Running time:    195 seconds.
