Copyright (C) 2003, 2009 Lavalys Consulting Group, Inc. All rights reserved.
everest_bench.dll build: 2.4.257.0 Jan 19 2009 01:57:35
CPUCount: 2, procMask: 0x00000003 Size of Memory: 3109976KB Priority:080
CPU#00 Vendor: GenuineIntel CoreType:0x20010676
CPU#00 Family: 6 Model: 17 Stepping: 6 Type: "Intel(R) Core(TM)2 Duo CPU     P8400  @ 2.26GHz"
CPU#00 Features: TSC, FPU, CMOV, MMX, SSE, SSE2, SSE3, SSSE3, SSE4.1, CMPXCHG8B, HTT
CPU#00 Frequency: 2260.74MHz  OS:5.1.2600 Szervizcsomag 3
CPU#00 AffMask:0x00000001 APIC_ID:0x00000000 Phys_ID:000 Core_ID:00 SMT_ID:00 PhysMask:0x00000003 
CPU#00 L1I cache:    32KB,   64 byte cache line,  8 way, SMask:00000001
CPU#00 L1D cache:    32KB,   64 byte cache line,  8 way, SMask:00000001
CPU#00 L2  cache:  3072KB,   64 byte cache line, 12 way, SMask:00000003
CPU#01 Vendor: GenuineIntel CoreType:0x20010676
CPU#01 Family: 6 Model: 17 Stepping: 6 Type: "Intel(R) Core(TM)2 Duo CPU     P8400  @ 2.26GHz"
CPU#01 Features: TSC, FPU, CMOV, MMX, SSE, SSE2, SSE3, SSSE3, SSE4.1, CMPXCHG8B, HTT
CPU#01 Frequency: 2260.78MHz  OS:5.1.2600 Szervizcsomag 3
CPU#01 AffMask:0x00000002 APIC_ID:0x00000001 Phys_ID:000 Core_ID:00 SMT_ID:01 PhysMask:0x00000003 
CPU#01 L1I cache:    32KB,   64 byte cache line,  8 way, SMask:00000002
CPU#01 L1D cache:    32KB,   64 byte cache line,  8 way, SMask:00000002
CPU#01 L2  cache:  3072KB,   64 byte cache line, 12 way, SMask:00000003
CPU#00 AffMask:0x00000001 APIC_ID:0x00000000 Phys_ID:000 Core_ID:00 SMT_ID:00 PhysMask:0x00000003 
CPU#01 AffMask:0x00000002 APIC_ID:0x00000001 Phys_ID:000 Core_ID:00 SMT_ID:01 PhysMask:0x00000003 
Parameters: "-ph -d4094 -l "
Memory Latency ProcMask:0x00000001 #NOP:0
*** Linear Read Latency ***
Stride,     4,   8,  16,  32,  64, 128, 256, 512,  1K,  2K,  4K,  8K, 16K,
   0.25K,   2,   3,   3,   3,   2,   3,
   0.50K,   3,   3,   3,   3,   3,   3,   3,
    1.0K,   3,   3,   3,   3,   3,   3,   3,   3,
    2.0K,   3,   3,   3,   3,   3,   3,   3,   3,   3,
    4.0K,   3,   3,   3,   3,   3,   3,   3,   3,   3,   3,
    8.0K,   3,   3,   3,   3,   3,   3,   3,   3,   3,   3,   3,
   16.0K,   3,   3,   3,   3,   3,   3,   3,   3,   3,   3,   3,   3,
   32.0K,   3,   3,   3,   3,   3,   3,   3,   3,   3,   3,   3,   3,   3,
   64.0K,   3,   3,   5,   8,  14,  14,  15,  15,  14,  14,  15,   3,   3,
  128.0K,   3,   3,   4,   8,  14,  14,  14,  14,  16,  16,  17,  17,   5,
  256.0K,   3,   3,   4,   9,  15,  15,  15,  15,  16,  15,  16,  17,  16,
  512.0K,   3,   3,   4,   9,  15,  15,  15,  14,  15,  16,  17,  17,  17,
 1024.0K,   3,   3,   4,   9,  15,  15,  15,  15,  16,  16,  17,  17,  17,
 2048.0K,   3,   3,   4,   9,  14,  15,  15,  15,  17,  19,  23,  23,  23,
 4096.0K,   3,   4,  10,  17,  33, 165, 167, 172, 179, 190, 206,  23,  23,
 8192.0K,   3,   4,  10,  17,  35, 182, 184, 188, 196, 207, 228, 202,  23,
16384.0K,   3,   4,  10,  17,  35, 182, 185, 189, 197, 206, 230, 229, 238,
32768.0K,   3,   4,  10,  17,  35, 182, 184, 189, 196, 208, 231, 234, 239,
*** Backward Read Latency ***
Stride,     4,   8,  16,  32,  64, 128, 256, 512,  1K,  2K,  4K,  8K, 16K,
   0.25K,   3,   3,   3,   3,   3,   3,
   0.50K,   3,   3,   3,   3,   3,   3,   3,
    1.0K,   3,   3,   3,   3,   3,   3,   3,   3,
    2.0K,   3,   3,   3,   3,   3,   3,   3,   3,   3,
    4.0K,   3,   3,   3,   3,   3,   3,   3,   3,   3,   3,
    8.0K,   3,   3,   3,   3,   3,   3,   3,   3,   3,   3,   3,
   16.0K,   3,   3,   3,   3,   3,   3,   3,   3,   3,   3,   3,   3,
   32.0K,   3,   3,   3,   3,   3,   3,   3,   3,   3,   3,   3,   3,   3,
   64.0K,   3,   3,   4,   8,  14,  14,  14,  14,  14,  14,  14,   3,   3,
  128.0K,   3,   3,   4,   8,  14,  14,  14,  14,  15,  15,  16,  16,   5,
  256.0K,   3,   3,   4,   8,  14,  14,  14,  14,  15,  15,  16,  16,  16,
  512.0K,   3,   3,   4,   9,  14,  14,  14,  14,  15,  15,  16,  16,  16,
 1024.0K,   3,   3,   4,   9,  14,  14,  14,  14,  15,  15,  16,  16,  16,
 2048.0K,   3,   3,   4,   9,  14,  15,  15,  15,  17,  19,  23,  23,  23,
 4096.0K,   3,   4,  10,  17,  33, 165, 167, 171, 178, 189, 205,  23,  23,
 8192.0K,   3,   4,  10,  17,  35, 182, 184, 188, 196, 205, 229, 205,  23,
16384.0K,   3,   4,  10,  17,  35, 182, 185, 189, 196, 206, 268, 229, 206,
32768.0K,   3,   4,  10,  17,  35, 182, 185, 189, 196, 208, 232, 232, 237,
*** BlockRandom Read Latency ***
Block,      8,  16,  32,  64, 128, 256, 512,  1K,  2K,  4K,  8K, 16K,
   0.50K,   3,
    1.0K,   3,   3,
    2.0K,   3,   3,   3,
    4.0K,   3,   3,   3,   3,
    8.0K,   3,   3,   3,   3,   3,
   16.0K,   3,   3,   3,   3,   3,   3,
   32.0K,   3,   3,   3,   3,   3,   3,   3,
   64.0K,  14,  14,  14,  14,  14,  14,  14,  14,
  128.0K,  14,  14,  14,  14,  14,  14,  14,  14,  15,
  256.0K,  14,  14,  14,  14,  14,  14,  14,  14,  15,  16,
  512.0K,  14,  14,  14,  14,  14,  14,  14,  14,  15,  16,  16,
 1024.0K,  14,  14,  14,  14,  14,  14,  14,  14,  15,  16,  16,  16,
 2048.0K,  14,  14,  14,  14,  14,  14,  14,  14,  15,  16,  16,  16,
 4096.0K,  54,  75,  88,  95,  98, 101, 108, 111, 115, 118, 118, 118,
 8192.0K,  55,  76,  90,  97,  99, 104, 109, 114, 118, 120, 121, 120,
16384.0K,  55,  76,  90,  97, 100, 104, 110, 114, 118, 120, 121, 120,
32768.0K,  56,  76,  90,  97, 100, 104, 109, 113, 118, 120, 120, 121,
*** Random Read Latency ***
Stride,     4,   8,  16,  32,  64, 128, 256, 512,  1K,  2K,  4K,  8K, 16K,
   0.25K,   2,   2,   3,   3,   3,   3,
   0.50K,   3,   3,   3,   3,   3,   3,   3,
    1.0K,   3,   3,   3,   3,   3,   3,   3,   3,
    2.0K,   3,   3,   3,   3,   3,   3,   3,   3,   3,
    4.0K,   3,   3,   3,   3,   3,   3,   3,   3,   3,   3,
    8.0K,   3,   3,   3,   3,   3,   3,   3,   3,   3,   3,   3,
   16.0K,   3,   3,   3,   3,   3,   3,   3,   3,   3,   3,   3,   3,
   32.0K,   3,   3,   3,   3,   3,   3,   3,   3,   3,   3,   3,   3,   3,
   64.0K,   9,   9,  10,  11,  14,  14,  14,  14,  14,  14,  14,   3,   3,
  128.0K,  12,  13,  13,  14,  15,  15,  15,  15,  15,  15,  16,  16,   5,
  256.0K,  14,  14,  14,  15,  16,  16,  16,  16,  16,  16,  16,  16,  16,
  512.0K,  15,  15,  15,  15,  16,  16,  16,  16,  16,  16,  16,  16,  16,
 1024.0K,  16,  16,  16,  16,  16,  16,  16,  16,  16,  16,  16,  16,  16,
 2048.0K,  19,  19,  19,  19,  19,  20,  20,  20,  20,  21,  23,  23,  23,
 4096.0K,  77,  79,  86,  97, 126, 205, 205, 204, 204, 203, 202,  23,  23,
 8192.0K, 156, 158, 162, 169, 184, 230, 228, 227, 225, 221, 226, 203,  23,
16384.0K, 200, 200, 202, 207, 215, 233, 230, 226, 225, 226, 224, 229, 203,
32768.0K, 223, 223, 225, 227, 231, 239, 237, 236, 237, 237, 237, 270, 240,
*** CacheLine Forward Read Latency ***
Distance,   8,  16,  24,  32,  48,  64,  96, 128, 160, 192, 224, 256, 288,
    8.0K,   3,   3,   3,   3,   3,   3,   3,   3,   3,   3,   3,
   16.0K,   3,   3,   3,   3,   3,   3,   3,   3,   3,   3,   3,   3,
   32.0K,   3,   3,   3,   3,   3,   3,   3,   3,   3,   3,   3,   3,   3,
   64.0K,   9,   9,   9,   9,   9,  14,  14,  14,  14,  14,  14,  14,  14,
  128.0K,   9,   9,   9,   9,   9,  15,  15,  15,  15,  15,  15,  15,  15,
  256.0K,   9,   9,   9,   9,   9,  15,  15,  15,  15,  15,  15,  15,  15,
  512.0K,   9,   9,   9,   9,   9,  15,  15,  15,  15,  15,  15,  15,  15,
 1024.0K,   9,   9,   9,   9,   9,  15,  15,  15,  15,  15,  15,  15,  15,
 2048.0K,  10,   9,   9,   9,   9,  15,  15,  15,  15,  15,  15,  15,  15,
 4096.0K,  87,  87,  87,  88,  88, 116, 116, 169, 170, 171, 172, 169, 170,
 8192.0K,  96,  96,  95,  97,  96, 121, 121, 187, 187, 189, 190, 187, 187,
16384.0K,  96,  96,  96,  96,  97, 122, 122, 187, 187, 190, 190, 187, 187,
32768.0K,  96,  96,  96,  97,  97, 122, 122, 187, 187, 190, 190, 188, 188,
*** CacheLine Backward Read Latency ***
Distance,   8,  16,  24,  32,  48,  64,  96, 128, 160, 192, 224, 256, 288,
    8.0K,   3,   3,   3,   3,   3,   3,   3,   3,   3,   3,   3,
   16.0K,   3,   3,   3,   3,   3,   3,   3,   3,   3,   3,   3,   3,
   32.0K,   3,   3,   3,   3,   3,   3,   3,   3,   3,   3,   3,   3,   3,
   64.0K,   9,   9,   9,   9,   9,  14,  14,  14,  14,  14,  14,  14,  14,
  128.0K,   9,   9,   9,   9,   9,  15,  15,  15,  15,  15,  15,  15,  15,
  256.0K,   9,   9,   9,   9,   9,  15,  15,  15,  15,  15,  15,  15,  15,
  512.0K,   9,   9,   9,   9,   9,  15,  15,  15,  15,  15,  15,  15,  15,
 1024.0K,   9,   9,   9,   9,   9,  15,  15,  15,  15,  15,  15,  15,  15,
 2048.0K,   9,   9,   9,   9,   9,  15,  15,  15,  15,  15,  15,  15,  15,
 4096.0K,  87,  87,  87,  87,  88, 112, 112, 170, 169, 172, 172, 170, 170,
 8192.0K,  95,  95,  95,  97,  96, 116, 116, 187, 187, 189, 190, 186, 187,
16384.0K,  95,  96,  96,  96,  97, 116, 116, 187, 187, 191, 190, 187, 187,
32768.0K,  96,  96,  96,  96,  97, 116, 117, 188, 188, 190, 190, 188, 188,
BenchMemLat exit code: 0x0100
L1D cacheline size: 64 bytes      [Mode:6 Size:    64K, Stride:   512, #NOP:  0, UnRoll:64]
L2  cacheline size:128 bytes      [Mode:6 Size:  6144K, Stride:   512, #NOP:  0, UnRoll:64]
Mem latency:  84.781ns( 192 clks) [Mode:1 Size: 16384K, Stride:  1024, #NOP: 44, UnRoll:64]
L1D latency:   1.246ns(   3 clks) [Mode:1 Size:    32K, Stride:    64, #NOP:  0, UnRoll:64]
L2  latency:   6.519ns(  15 clks) [Mode:1 Size:  3072K, Stride:    64, #NOP:  0, UnRoll:64]
Running time:    327 seconds.
