Copyright (C) 2003, 2009 Lavalys Consulting Group, Inc. All rights reserved.
everest_bench.dll build: 2.4.257.0 Jan 19 2009 01:57:35
CPUCount: 1, procMask: 0x00000001 Size of Memory: 523808KB Priority:080
CPU#00 Vendor: GenuineIntel CoreType:0x20000673
CPU#00 Family: 6 Model: 07 Stepping: 3
CPU#00 Features: TSC, FPU, CMOV, MMX, SSE, CMPXCHG8B
CPU#00 Frequency:  454.23MHz  OS:5.1.2600 Service Pack 2
CPU#00 AffMask:0x00000001 APIC_ID:0x00000000 Phys_ID:000 Core_ID:00 SMT_ID:00 PhysMask:0x00000001 
CPU#00 L1I cache:    16KB,   32 byte cache line,  4 way, SMask:00000001
CPU#00 L1D cache:    16KB,   32 byte cache line,  4 way, SMask:00000001
CPU#00 L2  cache:   512KB,   32 byte cache line,  4 way, SMask:00000001
CPU#00 AffMask:0x00000001 APIC_ID:0x00000000 Phys_ID:000 Core_ID:00 SMT_ID:00 PhysMask:0x00000001 
Parameters: "-ph -d4094 -l "
Memory Latency ProcMask:0x00000001 #NOP:0
*** Linear Read Latency ***
Stride,     4,   8,  16,  32,  64, 128, 256, 512,  1K,  2K,  4K,  8K, 16K,
   0.25K,   3,   3,   3,   3,   3,   3,
   0.50K,   3,   3,   3,   3,   3,   3,   3,
    1.0K,   3,   3,   3,   3,   3,   3,   3,   3,
    2.0K,   3,   3,   3,   3,   3,   3,   3,   3,   3,
    4.0K,   3,   3,   3,   3,   3,   3,   3,   3,   3,   3,
    8.0K,   3,   3,   3,   3,   3,   3,   3,   3,   3,   3,   3,
   16.0K,   3,   3,   3,   3,   3,   3,   3,   3,   3,   3,   3,   3,
   32.0K,   5,   9,  15,  22,  22,  22,  22,  22,  22,  22,  22,   3,   3,
   64.0K,   5,   9,  15,  22,  22,  22,  22,  22,  22,  22,  22,  22,   3,
  128.0K,   5,   9,  15,  22,  22,  22,  22,  22,  22,  22,  22,  22,  22,
  256.0K,   5,   9,  15,  22,  22,  22,  22,  22,  22,  22,  22,  22,  22,
  512.0K,   5,   9,  15,  22,  22,  23,  23,  23,  24,  26,  29,  26,  27,
 1024.0K,  14,  28,  57,  85,  85,  87,  88,  92, 100, 107, 121,  29,  26,
 2048.0K,  14,  28,  57,  85,  86,  87,  88,  91, 100, 108, 126, 132,  29,
 4096.0K,  14,  28,  57,  86,  86,  88,  90,  95, 108, 113, 152, 137, 137,
 8192.0K,  14,  29,  57,  85,  86,  87,  89,  94, 102, 108, 121, 123, 109,
16384.0K,  14,  29,  57,  85,  86,  87,  89,  93, 103, 106, 126, 135, 131,
*** Backward Read Latency ***
Stride,     4,   8,  16,  32,  64, 128, 256, 512,  1K,  2K,  4K,  8K, 16K,
   0.25K,   3,   3,   3,   3,   3,   3,
   0.50K,   3,   3,   3,   3,   3,   3,   3,
    1.0K,   3,   3,   3,   3,   3,   3,   3,   3,
    2.0K,   3,   3,   3,   3,   3,   3,   3,   3,   3,
    4.0K,   3,   3,   3,   3,   3,   3,   3,   3,   3,   3,
    8.0K,   3,   3,   3,   3,   3,   3,   3,   3,   3,   3,   3,
   16.0K,   3,   3,   3,   3,   3,   3,   3,   3,   3,   3,   3,   3,
   32.0K,   5,   9,  15,  22,  22,  22,  22,  22,  22,  22,  22,   3,   3,
   64.0K,   5,   9,  15,  22,  22,  22,  22,  22,  22,  22,  22,  22,   3,
  128.0K,   5,   9,  15,  22,  22,  22,  22,  22,  22,  22,  22,  22,  22,
  256.0K,   5,   9,  15,  22,  22,  22,  22,  22,  22,  22,  22,  22,  22,
  512.0K,   5,   9,  15,  22,  22,  23,  23,  23,  24,  26,  29,  26,  27,
 1024.0K,  14,  28,  57,  85,  86,  87,  89,  92, 101, 105, 125,  29,  26,
 2048.0K,  14,  28,  57,  85,  86,  87,  89,  95, 105, 114, 127, 128,  29,
 4096.0K,  14,  28,  57,  85,  86,  87,  89,  93, 104, 111, 127, 128, 130,
 8192.0K,  14,  29,  57,  86,  86,  88,  90,  93, 103, 109, 132, 127, 140,
16384.0K,  14,  28,  57,  85,  86,  88,  90,  94, 102, 113, 128, 124, 116,
*** BlockRandom Read Latency ***
Block,      8,  16,  32,  64, 128, 256, 512,  1K,  2K,  4K,  8K, 16K,
   0.25K,   3,
   0.50K,   3,   3,
    1.0K,   3,   3,   3,
    2.0K,   3,   3,   3,   3,
    4.0K,   3,   3,   3,   3,   3,
    8.0K,   3,   3,   3,   3,   3,   3,
   16.0K,   3,   3,   3,   3,   3,   3,   3,
   32.0K,  22,  22,  22,  22,  22,  22,  22,  22,
   64.0K,  22,  22,  22,  22,  22,  22,  22,  22,  22,
  128.0K,  22,  22,  22,  22,  22,  22,  22,  22,  22,  22,
  256.0K,  22,  22,  22,  22,  22,  22,  22,  22,  22,  22,  22,
  512.0K,  22,  22,  22,  22,  22,  22,  22,  22,  22,  22,  22,  24,
 1024.0K,  85,  85,  85,  86,  86,  89,  92,  93, 113, 118, 126, 139,
 2048.0K,  85,  85,  86,  85,  86,  89,  92,  93, 109, 124, 131, 136,
 4096.0K,  85,  85,  85,  85,  86,  89,  92,  94,  99, 111, 124, 125,
 8192.0K,  85,  86,  85,  85,  86,  89,  92,  94, 107, 126, 130, 139,
16384.0K,  86,  85,  85,  86,  86,  89,  92,  94, 110, 129, 132, 123,
*** Random Read Latency ***
Stride,     4,   8,  16,  32,  64, 128, 256, 512,  1K,  2K,  4K,  8K, 16K,
   0.25K,   3,   3,   3,   3,   3,   3,
   0.50K,   3,   3,   3,   3,   3,   3,   3,
    1.0K,   3,   3,   3,   3,   3,   3,   3,   3,
    2.0K,   3,   3,   3,   3,   3,   3,   3,   3,   3,
    4.0K,   3,   3,   3,   3,   3,   3,   3,   3,   3,   3,
    8.0K,   3,   3,   3,   3,   3,   3,   3,   3,   3,   3,   3,
   16.0K,   3,   3,   3,   3,   3,   3,   3,   3,   3,   3,   3,   3,
   32.0K,  13,  14,  16,  22,  22,  22,  22,  22,  22,  22,  22,   3,   3,
   64.0K,  18,  18,  19,  22,  22,  22,  22,  22,  22,  22,  22,  22,   3,
  128.0K,  20,  20,  21,  22,  22,  22,  22,  22,  22,  22,  22,  22,  22,
  256.0K,  21,  21,  21,  22,  22,  22,  22,  22,  22,  22,  22,  22,  22,
  512.0K,  24,  24,  24,  24,  24,  24,  25,  25,  25,  27,  29,  27,  27,
 1024.0K,  81,  81,  88, 117, 117, 123, 122, 130, 128, 127, 129,  28,  27,
 2048.0K, 103, 106, 112, 133, 138, 136, 134, 131, 137, 135, 141, 142,  29,
 4096.0K, 131, 135, 139, 149, 152, 146, 150, 154, 143, 146, 151, 145, 144,
 8192.0K, 141, 140, 133, 141, 146, 142, 140, 137, 128, 133, 129, 137, 140,
16384.0K, 159, 167, 167, 163, 148, 146, 145, 145, 139, 143, 149, 152, 153,
*** CacheLine Forward Read Latency ***
Distance,   8,  16,  24,  32,  48,  64,  96, 128, 160, 192, 224, 256, 288,
    8.0K,   3,   3,   3,   3,   3,   3,   3,   3,   3,   3,   3,
   16.0K,   3,   3,   3,   3,   3,   3,   3,   3,   3,   3,   3,   3,
   32.0K,  12,  12,  12,  22,  22,  22,  22,  22,  22,  22,  22,  22,  22,
   64.0K,  12,  12,  12,  22,  22,  22,  22,  22,  22,  22,  22,  22,  22,
  128.0K,  12,  12,  12,  22,  22,  22,  22,  22,  22,  22,  22,  22,  22,
  256.0K,  12,  12,  12,  22,  22,  22,  22,  22,  22,  22,  22,  22,  22,
  512.0K,  13,  13,  13,  23,  23,  23,  23,  23,  23,  23,  23,  23,  23,
 1024.0K,  50,  50,  52, 101, 101, 102, 102, 101, 101, 101, 102, 102, 102,
 2048.0K,  50,  50,  53, 102, 102, 102, 102, 102, 102, 102, 102, 102, 102,
 4096.0K,  50,  50,  52, 101, 101, 101, 102, 101, 101, 102, 102, 102, 102,
 8192.0K,  51,  51,  53, 103, 103, 102, 102, 102, 102, 102, 102, 102, 102,
16384.0K,  50,  50,  53, 103, 103, 103, 102, 102, 102, 102, 102, 102, 102,
*** CacheLine Backward Read Latency ***
Distance,   8,  16,  24,  32,  48,  64,  96, 128, 160, 192, 224, 256, 288,
    8.0K,   3,   3,   3,   3,   3,   3,   3,   3,   3,   3,   3,
   16.0K,   3,   3,   3,   3,   3,   3,   3,   3,   3,   3,   3,   3,
   32.0K,  12,  12,  12,  22,  22,  22,  22,  22,  22,  22,  22,  22,  22,
   64.0K,  12,  12,  12,  22,  22,  22,  22,  22,  22,  22,  22,  22,  22,
  128.0K,  12,  12,  12,  22,  22,  22,  22,  22,  22,  22,  22,  22,  22,
  256.0K,  12,  12,  12,  22,  22,  22,  22,  22,  22,  22,  22,  22,  22,
  512.0K,  13,  13,  13,  23,  23,  23,  23,  23,  23,  23,  23,  23,  23,
 1024.0K,  51,  51,  53, 102, 103, 102, 103, 102, 102, 102, 102, 102, 102,
 2048.0K,  50,  50,  52, 101, 102, 102, 102, 102, 102, 102, 102, 102, 102,
 4096.0K,  50,  50,  52, 102, 102, 102, 102, 102, 102, 102, 102, 102, 101,
 8192.0K,  50,  50,  53, 103, 102, 103, 103, 103, 103, 102, 102, 102, 102,
16384.0K,  50,  50,  53, 102, 102, 103, 103, 103, 102, 102, 102, 102, 102,
BenchMemLat exit code: 0x0100
L1D cacheline size: 32 bytes      [Mode:6 Size:    32K, Stride:   512, #NOP:  0, UnRoll:64]
L2  cacheline size: 32 bytes      [Mode:6 Size:  1024K, Stride:   512, #NOP:  0, UnRoll:64]
Mem latency: 232.942ns( 106 clks) [Mode:1 Size: 16384K, Stride:  1024, #NOP:  1, UnRoll:64]
L1D latency:   6.533ns(   3 clks) [Mode:1 Size:    16K, Stride:    32, #NOP:  0, UnRoll:64]
L2  latency:  47.205ns(  21 clks) [Mode:1 Size:   512K, Stride:    32, #NOP:  5, UnRoll:64]
Running time:    704 seconds.
