Copyright (C) 2003, 2009 Lavalys Consulting Group, Inc. All rights reserved.
everest_bench.dll build: 2.4.257.0 Jan 19 2009 01:57:35
CPUCount: 1, procMask: 0x00000001 Size of Memory: 519664KB Priority:080
CPU#00 Vendor: GenuineIntel CoreType:0x20000695
CPU#00 Family: 6 Model: 09 Stepping: 5 Type: "Intel(R) Celeron(R) M processor         1300MHz"
CPU#00 Features: TSC, FPU, CMOV, MMX, SSE, SSE2, CMPXCHG8B
CPU#00 Frequency: 1302.92MHz  OS:5.1.2600 Service Pack 2
CPU#00 AffMask:0x00000001 APIC_ID:0x00000000 Phys_ID:000 Core_ID:00 SMT_ID:00 PhysMask:0x00000001 
CPU#00 L1I cache:    32KB,   64 byte cache line,  8 way, SMask:00000001
CPU#00 L1D cache:    32KB,   64 byte cache line,  8 way, SMask:00000001
CPU#00 L2  cache:   512KB,   64 byte cache line,  4 way, SMask:00000001
CPU#00 AffMask:0x00000001 APIC_ID:0x00000000 Phys_ID:000 Core_ID:00 SMT_ID:00 PhysMask:0x00000001 
Parameters: "-ph -d4094 -l "
Memory Latency ProcMask:0x00000001 #NOP:0
*** Linear Read Latency ***
Stride,     4,   8,  16,  32,  64, 128, 256, 512,  1K,  2K,  4K,  8K, 16K,
   0.25K,   3,   3,   3,   3,   3,   3,
   0.50K,   3,   3,   3,   3,   3,   3,   3,
    1.0K,   3,   3,   3,   3,   3,   3,   3,   3,
    2.0K,   3,   3,   3,   3,   3,   3,   3,   3,   3,
    4.0K,   3,   3,   3,   3,   3,   3,   3,   3,   3,   3,
    8.0K,   3,   3,   3,   3,   3,   3,   3,   3,   3,   3,   3,
   16.0K,   3,   3,   3,   3,   3,   3,   3,   3,   3,   3,   3,   3,
   32.0K,   3,   3,   3,   3,   3,   3,   3,   3,   3,   3,   3,   3,   3,
   64.0K,   3,   4,   4,   8,  10,   9,   9,   9,   9,   9,   9,   3,   3,
  128.0K,   3,   4,   4,   8,  10,   9,   9,   9,   9,   9,   9,   9,   3,
  256.0K,   3,   4,   4,   8,  10,   9,   9,   9,   9,   9,   9,   9,   9,
  512.0K,   4,   4,   4,   8,  10,   9,   9,   9,   9,   9,   9,   9,   9,
 1024.0K,   5,   8,  15,  31,  58, 121, 125, 128, 132, 141, 163,  20,  14,
 2048.0K,   5,   8,  16,  32,  58, 124, 125, 124, 132, 141, 162, 163,  20,
 4096.0K,   5,   8,  16,  31,  59, 123, 124, 127, 128, 140, 161, 160, 160,
 8192.0K,   5,   9,  16,  32,  59, 124, 124, 127, 132, 136, 162, 162, 163,
16384.0K,   5,   9,  16,  32,  59, 124, 125, 127, 131, 138, 159, 163, 163,
*** Backward Read Latency ***
Stride,     4,   8,  16,  32,  64, 128, 256, 512,  1K,  2K,  4K,  8K, 16K,
   0.25K,   3,   3,   3,   3,   3,   3,
   0.50K,   3,   3,   3,   3,   3,   3,   3,
    1.0K,   3,   3,   3,   3,   3,   3,   3,   3,
    2.0K,   3,   3,   3,   3,   3,   3,   3,   3,   3,
    4.0K,   3,   3,   3,   3,   3,   3,   3,   3,   3,   3,
    8.0K,   3,   3,   3,   3,   3,   3,   3,   3,   3,   3,   3,
   16.0K,   3,   3,   3,   3,   3,   3,   3,   3,   3,   3,   3,   3,
   32.0K,   3,   3,   3,   3,   3,   3,   3,   3,   3,   3,   3,   3,   3,
   64.0K,   3,   4,   4,   8,  10,   9,   9,   9,   9,   9,   9,   3,   3,
  128.0K,   3,   4,   4,   8,  10,   9,   9,   9,   9,   9,   9,   9,   3,
  256.0K,   3,   4,   4,   8,  10,   9,   9,   9,   9,   9,   9,   9,   9,
  512.0K,   4,   4,   4,   8,  10,   9,   9,   9,   9,   9,   9,   9,   9,
 1024.0K,   5,   8,  16,  31,  58, 120, 123, 128, 132, 140, 160,  20,  14,
 2048.0K,   5,   8,  16,  32,  59, 122, 125, 128, 127, 142, 163, 163,  20,
 4096.0K,   5,   8,  16,  31,  58, 123, 126, 124, 127, 141, 163, 163, 158,
 8192.0K,   5,   8,  16,  32,  59, 124, 124, 125, 132, 137, 163, 163, 163,
16384.0K,   5,   8,  16,  32,  59, 124, 125, 127, 132, 137, 159, 163, 159,
*** BlockRandom Read Latency ***
Block,      8,  16,  32,  64, 128, 256, 512,  1K,  2K,  4K,  8K, 16K,
   0.50K,   3,
    1.0K,   3,   3,
    2.0K,   3,   3,   3,
    4.0K,   3,   3,   3,   3,
    8.0K,   3,   3,   3,   3,   3,
   16.0K,   3,   3,   3,   3,   3,   3,
   32.0K,   3,   3,   3,   3,   3,   3,   3,
   64.0K,  11,  10,   9,   9,   9,   9,   9,   9,
  128.0K,  11,  10,   9,   9,   9,   9,   9,   9,   9,
  256.0K,  11,  10,   9,   9,   9,   9,   9,   9,   9,   9,
  512.0K,  11,  10,   9,   9,   9,   9,   9,   9,   9,   9,   9,
 1024.0K,  69,  91, 106, 118, 128, 131, 134, 145, 153, 157, 161, 161,
 2048.0K,  71,  90, 107, 117, 129, 126, 135, 145, 153, 158, 160, 162,
 4096.0K,  72,  91, 106, 117, 119, 127, 135, 147, 155, 159, 161, 162,
 8192.0K,  72,  91, 107, 118, 130, 127, 135, 147, 155, 159, 161, 162,
16384.0K,  72,  91, 107, 118, 122, 131, 136, 148, 155, 159, 161, 162,
*** Random Read Latency ***
Stride,     4,   8,  16,  32,  64, 128, 256, 512,  1K,  2K,  4K,  8K, 16K,
   0.25K,   3,   3,   3,   3,   3,   3,
   0.50K,   3,   3,   3,   3,   3,   3,   3,
    1.0K,   3,   3,   3,   3,   3,   3,   3,   3,
    2.0K,   3,   3,   3,   3,   3,   3,   3,   3,   3,
    4.0K,   3,   3,   3,   3,   3,   3,   3,   3,   3,   3,
    8.0K,   3,   3,   3,   3,   3,   3,   3,   3,   3,   3,   3,
   16.0K,   3,   3,   3,   3,   3,   3,   3,   3,   3,   3,   3,   3,
   32.0K,   3,   3,   3,   3,   3,   3,   3,   3,   3,   3,   3,   3,   3,
   64.0K,   6,   6,   7,   7,   9,   9,   9,   9,   9,   9,   9,   3,   3,
  128.0K,   8,   8,   8,   8,   9,   9,   9,   9,   9,   9,   9,   9,   3,
  256.0K,   8,   8,   8,   9,   9,   9,   9,   9,   9,   9,   9,   9,   9,
  512.0K,   9,   9,   9,   9,   9,   9,   9,   9,   9,   9,   9,   9,   9,
 1024.0K,  90,  92,  99, 115, 163, 163, 163, 158, 162, 162, 163,  18,  14,
 2048.0K, 128, 130, 134, 142, 163, 163, 162, 163, 163, 163, 163, 162,  20,
 4096.0K, 146, 147, 149, 153, 163, 163, 162, 161, 163, 163, 163, 164, 163,
 8192.0K, 156, 157, 158, 160, 165, 165, 165, 165, 163, 161, 164, 160, 163,
16384.0K, 163, 164, 165, 165, 168, 166, 166, 166, 166, 165, 160, 165, 165,
*** CacheLine Forward Read Latency ***
Distance,   8,  16,  24,  32,  48,  64,  96, 128, 160, 192, 224, 256, 288,
    8.0K,   3,   3,   3,   3,   3,   3,   3,   3,   3,   3,   3,
   16.0K,   3,   3,   3,   3,   3,   3,   3,   3,   3,   3,   3,   3,
   32.0K,   3,   3,   3,   3,   3,   3,   3,   3,   3,   3,   3,   3,   3,
   64.0K,   6,   6,   6,   6,   6,   9,   9,   9,   9,   9,   9,   9,   9,
  128.0K,   6,   6,   6,   6,   6,   9,   9,   9,   9,   9,   9,   9,   9,
  256.0K,   6,   6,   6,   6,   6,   9,   9,   9,   9,   9,   9,   9,   9,
  512.0K,   6,   6,   6,   6,   6,   9,   9,   9,   9,   9,   9,   9,   9,
 1024.0K,  63,  60,  63,  63,  68, 100, 101, 120, 125, 125, 125, 123, 125,
 2048.0K,  63,  63,  60,  61,  67, 102, 102, 125, 124, 121, 123, 125, 121,
 4096.0K,  61,  63,  61,  62,  68, 102, 101, 123, 125, 123, 123, 123, 125,
 8192.0K,  62,  62,  62,  62,  67, 102, 102, 124, 124, 124, 124, 124, 124,
16384.0K,  62,  62,  62,  62,  68, 103, 103, 125, 125, 125, 124, 124, 124,
*** CacheLine Backward Read Latency ***
Distance,   8,  16,  24,  32,  48,  64,  96, 128, 160, 192, 224, 256, 288,
    8.0K,   3,   3,   3,   3,   3,   3,   3,   3,   3,   3,   3,
   16.0K,   3,   3,   3,   3,   3,   3,   3,   3,   3,   3,   3,   3,
   32.0K,   3,   3,   3,   3,   3,   3,   3,   3,   3,   3,   3,   3,   3,
   64.0K,   6,   6,   6,   6,   6,   9,   9,   9,   9,   9,   9,   9,   9,
  128.0K,   6,   6,   6,   6,   6,   9,   9,   9,   9,   9,   9,   9,   9,
  256.0K,   6,   6,   6,   6,   6,   9,   9,   9,   9,   9,   9,   9,   9,
  512.0K,   6,   6,   6,   6,   6,   9,   9,   9,   9,   9,   9,   9,   9,
 1024.0K,  63,  63,  63,  63,  68, 125, 122, 121, 125, 125, 120, 121, 125,
 2048.0K,  63,  63,  63,  62,  65, 125, 125, 125, 122, 125, 125, 125, 122,
 4096.0K,  62,  61,  63,  62,  68, 123, 125, 123, 123, 123, 125, 123, 123,
 8192.0K,  62,  63,  63,  62,  68, 124, 124, 124, 124, 124, 124, 124, 124,
16384.0K,  63,  62,  62,  62,  68, 125, 125, 124, 124, 125, 125, 125, 125,
BenchMemLat exit code: 0x0100
L1D cacheline size: 64 bytes      [Mode:6 Size:    64K, Stride:   512, #NOP:  0, UnRoll:64]
L2  cacheline size: 64 bytes      [Mode:6 Size:  1024K, Stride:   512, #NOP:  0, UnRoll:64]
Mem latency:  95.534ns( 124 clks) [Mode:1 Size: 16384K, Stride:  1024, #NOP:113, UnRoll:64]
L1D latency:   2.279ns(   3 clks) [Mode:1 Size:    32K, Stride:    64, #NOP:  0, UnRoll:64]
L2  latency:   7.024ns(   9 clks) [Mode:1 Size:   512K, Stride:   128, #NOP:  0, UnRoll:64]
Running time:    199 seconds.
