Copyright (C) 2003, 2009 Lavalys Consulting Group, Inc. All rights reserved.
everest_bench.dll build: 2.5.290.0 Feb 24 2010 18:18:14
CPUCount: 1, procMask: 0x00000001 Size of Memory: 65056KB Priority:020
CPU#00 Vendor: GenuineIntel CoreType:0x20000532
CPU#00 Family: 5 Model: 03 Stepping: 2
CPU#00 Features: TSC, FPU, CMPXCHG8B
CPU#00 Frequency:   83.50MHz  OS:4.10.67766446  A 
CPU#00 AffMask:0x00000001 APIC_ID:0x00000000 Phys_ID:000 Core_ID:00 SMT_ID:00 PhysMask:0x00000001 
CPU#00 L1I cache:     8KB,   32 byte cache line,  2 way, SMask:00000001
CPU#00 L1D cache:     8KB,   32 byte cache line,  2 way, SMask:00000001
CPU#00 AffMask:0x00000001 APIC_ID:0x00000000 Phys_ID:000 Core_ID:00 SMT_ID:00 PhysMask:0x00000001 
Memory Latency ProcMask:0x00000001 #NOP:0
*** Linear Read Latency ***
Stride,     4,   8,  16,  32,  64, 128, 256, 512,  1K,  2K,  4K,  8K,
   0.25K,   2,   2,   2,   2,   2,   2,
   0.50K,   2,   2,   2,   2,   2,   2,   2,
    1.0K,   2,   2,   2,   2,   2,   2,   2,   2,
    2.0K,   2,   2,   2,   2,   2,   2,   2,   2,   2,
    4.0K,   2,   2,   2,   2,   2,   2,   2,   2,   2,   2,
    8.0K,   2,   2,   2,   2,   2,   2,   2,   2,   2,   2,   2,
   16.0K,   2,   2,   2,   2,   2,   2,   2,   2,   2,   3,   3,   1,
   32.0K,  12,  22,  36,  36,  36,  36,  36,  36,  38,  41,  54,   3,
   64.0K,  12,  22,  36,  36,  36,  36,  37,  37,  38,  41,  54,  54,
  128.0K,  12,  22,  36,  36,  36,  36,  36,  37,  38,  41,  48,  54,
  256.0K,  12,  22,  36,  36,  36,  36,  36,  37,  39,  41,  51,  52,
  512.0K,  13,  23,  37,  37,  37,  39,  41,  46,  57,  78, 121, 120,
 1024.0K,  13,  22,  37,  37,  38,  39,  41,  46,  57,  78, 121, 121,
 2048.0K,  13,  23,  38,  37,  38,  39,  41,  46,  57,  78, 121, 121,
 4096.0K,  13,  23,  38,  38,  38,  39,  41,  46,  57,  78, 121, 121,
 8192.0K,  13,  23,  38,  38,  39,  39,  42,  46,  58,  78, 121, 121,
16384.0K,  13,  23,  38,  38,  38,  39,  41,  46,  56,  76, 115, 113,
*** Backward Read Latency ***
Stride,     4,   8,  16,  32,  64, 128, 256, 512,  1K,  2K,  4K,  8K,
   0.25K,   2,   2,   2,   2,   2,   2,
   0.50K,   2,   2,   2,   2,   2,   2,   2,
    1.0K,   2,   2,   2,   2,   2,   2,   2,   2,
    2.0K,   2,   2,   2,   2,   2,   2,   2,   2,   2,
    4.0K,   2,   2,   2,   2,   2,   2,   2,   2,   2,   2,
    8.0K,   2,   2,   2,   2,   2,   2,   2,   2,   2,   2,   2,
   16.0K,   2,   2,   2,   2,   2,   2,   2,   2,   2,   3,   3,   1,
   32.0K,  12,  20,  36,  33,  36,  33,  37,  33,  37,  37,  50,   3,
   64.0K,  12,  21,  36,  34,  36,  35,  36,  36,  37,  39,  49,  51,
  128.0K,  12,  21,  36,  35,  36,  35,  36,  36,  37,  39,  48,  51,
  256.0K,  12,  22,  37,  36,  36,  36,  36,  37,  38,  40,  48,  51,
  512.0K,  12,  22,  37,  37,  37,  38,  41,  46,  57,  77, 120, 119,
 1024.0K,  13,  22,  37,  37,  38,  38,  41,  46,  57,  78, 121, 120,
 2048.0K,  13,  23,  38,  37,  38,  39,  41,  46,  57,  78, 121, 120,
 4096.0K,  13,  23,  38,  38,  38,  39,  41,  46,  57,  78, 121, 120,
 8192.0K,  13,  23,  38,  38,  39,  39,  41,  47,  58,  78, 108, 120,
16384.0K,  13,  23,  38,  38,  39,  40,  41,  46,  56,  75, 114, 114,
*** BlockRandom Read Latency ***
Block,      8,  16,  32,  64, 128, 256, 512,  1K,  2K,  4K,  8K,
   0.25K,   2,
   0.50K,   2,   2,
    1.0K,   2,   2,   2,
    2.0K,   2,   2,   2,   2,
    4.0K,   2,   2,   2,   2,   2,
    8.0K,   2,   2,   2,   2,   2,   2,
   16.0K,   2,   2,   2,   2,   2,   2,   2,
   32.0K,  36,  33,  36,  33,  36,  35,  43,  40,
   64.0K,  35,  34,  35,  34,  35,  34,  41,  41,  46,
  128.0K,  24,  34,  24,  34,  24,  35,  25,  43,  25,  45,
  256.0K,  36,  31,  36,  31,  36,  32,  46,  37,  48,  38,  49,
  512.0K,  37,  37,  37,  37,  37,  42,  46,  47,  49,  49,  50,
 1024.0K,  37,  37,  37,  37,  37,  43,  47,  48,  50,  50,  51,
 2048.0K,  37,  37,  38,  37,  37,  44,  48,  48,  50,  50,  51,
 4096.0K,  38,  38,  38,  38,  38,  44,  46,  49,  49,  51,  51,
 8192.0K,  38,  38,  38,  38,  38,  43,  47,  49,  50,  51,  51,
16384.0K,  38,  38,  38,  38,  38,  44,  46,  49,  50,  51,  51,
*** Random Read Latency ***
Stride,     4,   8,  16,  32,  64, 128, 256, 512,  1K,  2K,  4K,  8K,
   0.25K,   2,   2,   2,   2,   2,   2,
   0.50K,   2,   2,   2,   2,   2,   2,   2,
    1.0K,   2,   2,   2,   2,   2,   2,   2,   2,
    2.0K,   2,   2,   2,   2,   2,   2,   2,   2,   2,
    4.0K,   2,   2,   2,   2,   2,   2,   2,   2,   2,   2,
    8.0K,   2,   2,   2,   2,   2,   2,   2,   2,   2,   2,   2,
   16.0K,   2,   2,   2,   2,   2,   2,   2,   2,   2,   3,   3,   1,
   32.0K,  27,  28,  46,  41,  46,  41,  46,  40,  47,  44,  54,   3,
   64.0K,  38,  37,  47,  43,  47,  43,  48,  43,  46,  44,  54,  54,
  128.0K,  42,  42,  46,  45,  47,  45,  47,  45,  48,  47,  53,  54,
  256.0K,  48,  46,  49,  48,  50,  47,  49,  48,  50,  50,  54,  54,
  512.0K,  87,  86,  87,  84,  85,  85,  86,  86,  95, 101, 120, 120,
 1024.0K, 106, 106, 106, 106, 104, 103, 104, 104, 106, 111, 120, 121,
 2048.0K, 117, 116, 116, 115, 115, 113, 111, 113, 113, 116, 120, 121,
 4096.0K, 120, 120, 122, 120, 119, 118, 116, 116, 116, 117, 120, 119,
 8192.0K, 111, 124, 125, 123, 122, 122, 121, 119, 119, 119, 121, 120,
16384.0K, 128, 126, 127, 125, 124, 123, 122, 122, 121, 121, 121, 121,
*** CacheLine Forward Read Latency ***
Distance,   8,  16,  24,  32,  48,  64,  96, 128, 160, 192, 224, 256,
    8.0K,   2,   2,   2,   2,   2,   2,   2,   2,   2,   2,   2,
   16.0K,   2,   2,   2,   2,   2,   2,   2,   2,   3,   2,   2,   2,
   32.0K,  13,  20,  19,  19,  18,  19,  19,  19,  19,  19,  19,  19,
   64.0K,  13,  20,  18,  19,  18,  20,  18,  20,  18,  20,  18,  20,
  128.0K,  15,  19,  21,  19,  21,  19,  21,  19,  21,  19,  21,  19,
  256.0K,  15,  20,  21,  20,  21,  20,  21,  20,  21,  20,  21,  20,
  512.0K,  20,  25,  25,  25,  25,  25,  25,  25,  25,  25,  25,  25,
 1024.0K,  20,  25,  25,  25,  25,  25,  25,  25,  25,  25,  25,  25,
 2048.0K,  20,  25,  25,  25,  25,  25,  25,  25,  25,  25,  25,  25,
 4096.0K,  20,  25,  26,  25,  25,  26,  26,  26,  25,  26,  25,  25,
 8192.0K,  20,  26,  26,  25,  25,  26,  25,  25,  26,  26,  26,  26,
16384.0K,  20,  25,  25,  25,  24,  25,  25,  25,  25,  25,  25,  25,
*** CacheLine Backward Read Latency ***
Distance,   8,  16,  24,  32,  48,  64,  96, 128, 160, 192, 224, 256,
    8.0K,   2,   2,   2,   2,   2,   2,   2,   2,   2,   2,   2,
   16.0K,   2,   2,   2,   2,   2,   2,   2,   2,   2,   2,   2,   2,
   32.0K,  13,  18,  18,  18,  19,  19,  19,  19,  19,  18,  19,  19,
   64.0K,  14,  20,  20,  19,  20,  19,  20,  19,  20,  19,  20,  19,
  128.0K,  15,  20,  21,  20,  21,  20,  21,  20,  21,  20,  21,  20,
  256.0K,  15,  20,  20,  20,  20,  20,  20,  20,  20,  20,  20,  20,
  512.0K,  20,  25,  25,  25,  25,  25,  25,  25,  25,  25,  25,  25,
 1024.0K,  20,  25,  25,  25,  25,  25,  25,  25,  25,  25,  25,  25,
 2048.0K,  20,  25,  25,  25,  25,  25,  25,  25,  25,  25,  25,  25,
 4096.0K,  20,  25,  26,  25,  25,  25,  25,  26,  25,  25,  25,  25,
 8192.0K,  21,  26,  26,  26,  26,  26,  25,  25,  25,  26,  25,  26,
16384.0K,  20,  25,  26,  25,  25,  25,  25,  26,  25,  25,  25,  25,
BenchMemLat exit code: 0x0100
L1D cacheline size: 16 bytes      [Mode:6 Size:    16K, Stride:   512, #NOP:  0, UnRoll:16]
Mem latency: 689.532ns(  58 clks) [Mode:1 Size: 16384K, Stride:  1024, #NOP:  6, UnRoll:8]
L1D latency:  23.082ns(   2 clks) [Mode:1 Size:     8K, Stride:    32, #NOP:  0, UnRoll:64]
Running time:   2455 seconds.
