Copyright (C) 2003, 2009 Lavalys Consulting Group, Inc. All rights reserved.
everest_bench.dll build: 2.4.257.0 Jan 19 2009 01:57:35
CPUCount: 2, procMask: 0x00000003 Size of Memory: 2095536KB Priority:080
CPU#00 Vendor: GenuineIntel CoreType:0x200006f4
CPU#00 Family: 6 Model: 0f Stepping: 4 Type: "Genuine Intel(R) CPU                  @ 2.66GHz"
CPU#00 Features: TSC, FPU, CMOV, MMX, SSE, SSE2, SSE3, SSSE3, CMPXCHG8B, HTT
CPU#00 Frequency: 2670.00MHz  OS:5.1.2600 Service Pack 2
CPU#00 AffMask:0x00000001 APIC_ID:0x00000000 Phys_ID:000 Core_ID:00 SMT_ID:00 PhysMask:0x00000003 
CPU#00 L1I cache:    32KB,   64 byte cache line,  8 way, SMask:00000001
CPU#00 L1D cache:    32KB,   64 byte cache line,  8 way, SMask:00000001
CPU#00 L2  cache:  4096KB,   64 byte cache line, 16 way, SMask:00000003
CPU#01 Vendor: GenuineIntel CoreType:0x200006f4
CPU#01 Family: 6 Model: 0f Stepping: 4 Type: "Genuine Intel(R) CPU                  @ 2.66GHz"
CPU#01 Features: TSC, FPU, CMOV, MMX, SSE, SSE2, SSE3, SSSE3, CMPXCHG8B, HTT
CPU#01 Frequency: 2670.01MHz  OS:5.1.2600 Service Pack 2
CPU#01 AffMask:0x00000002 APIC_ID:0x00000001 Phys_ID:000 Core_ID:00 SMT_ID:01 PhysMask:0x00000003 
CPU#01 L1I cache:    32KB,   64 byte cache line,  8 way, SMask:00000002
CPU#01 L1D cache:    32KB,   64 byte cache line,  8 way, SMask:00000002
CPU#01 L2  cache:  4096KB,   64 byte cache line, 16 way, SMask:00000003
CPU#00 AffMask:0x00000001 APIC_ID:0x00000000 Phys_ID:000 Core_ID:00 SMT_ID:00 PhysMask:0x00000003 
CPU#01 AffMask:0x00000002 APIC_ID:0x00000001 Phys_ID:000 Core_ID:00 SMT_ID:01 PhysMask:0x00000003 
Parameters: "-ph -d4094 -l "
Memory Latency ProcMask:0x00000001 #NOP:0
*** Linear Read Latency ***
Stride,     4,   8,  16,  32,  64, 128, 256, 512,  1K,  2K,  4K,  8K, 16K,
   0.25K,   3,   3,   3,   3,   3,   3,
   0.50K,   3,   3,   3,   3,   3,   3,   3,
    1.0K,   3,   3,   3,   3,   3,   3,   3,   3,
    2.0K,   3,   3,   3,   3,   3,   3,   3,   3,   3,
    4.0K,   3,   3,   3,   3,   3,   3,   3,   3,   3,   3,
    8.0K,   3,   3,   3,   3,   3,   3,   3,   3,   3,   3,   3,
   16.0K,   3,   3,   3,   3,   3,   3,   3,   3,   3,   3,   3,   3,
   32.0K,   3,   3,   3,   3,   3,   3,   3,   3,   3,   3,   3,   3,   3,
   64.0K,   3,   3,   4,   8,  14,  14,  14,  14,  14,  14,  14,   3,   3,
  128.0K,   3,   3,   4,   9,  14,  14,  14,  14,  14,  15,  16,  16,   5,
  256.0K,   3,   3,   4,   9,  14,  14,  14,  14,  14,  15,  16,  16,  16,
  512.0K,   3,   3,   4,   9,  14,  14,  14,  14,  14,  15,  16,  16,  16,
 1024.0K,   3,   3,   4,   9,  14,  14,  14,  14,  14,  15,  16,  16,  16,
 2048.0K,   3,   3,   4,   9,  14,  14,  15,  15,  17,  20,  23,  23,  23,
 4096.0K,   3,   4,   5,   9,  15,  16,  16,  16,  18,  21,  24,  23,  23,
 8192.0K,   3,   4,  10,  17,  33, 163, 162, 164, 170, 190, 194,  25,  23,
16384.0K,   3,   5,  10,  18,  36, 184, 186, 188, 193, 215, 222, 195,  30,
32768.0K,   3,   5,  11,  18,  37, 186, 187, 190, 195, 214, 225, 227, 203,
65536.0K,   3,   5,  11,  18,  36, 186, 187, 190, 195, 212, 225, 295, 229,
*** Backward Read Latency ***
Stride,     4,   8,  16,  32,  64, 128, 256, 512,  1K,  2K,  4K,  8K, 16K,
   0.25K,   3,   3,   3,   3,   3,   3,
   0.50K,   3,   3,   3,   3,   3,   3,   3,
    1.0K,   3,   3,   3,   3,   3,   3,   3,   3,
    2.0K,   3,   3,   3,   3,   3,   3,   3,   3,   3,
    4.0K,   3,   3,   3,   3,   3,   3,   3,   3,   3,   3,
    8.0K,   3,   3,   3,   3,   3,   3,   3,   3,   3,   3,   3,
   16.0K,   3,   3,   3,   3,   3,   3,   3,   3,   3,   3,   3,   3,
   32.0K,   3,   3,   3,   3,   3,   3,   3,   3,   3,   3,   3,   3,   3,
   64.0K,   3,   3,   4,   8,  14,  14,  14,  14,  14,  14,  14,   3,   3,
  128.0K,   3,   3,   4,   9,  14,  14,  14,  14,  14,  15,  16,  16,   5,
  256.0K,   3,   3,   4,   9,  14,  14,  14,  14,  14,  15,  16,  16,  16,
  512.0K,   3,   3,   4,   9,  14,  14,  14,  14,  14,  15,  16,  16,  16,
 1024.0K,   3,   3,   4,   9,  14,  14,  14,  14,  14,  15,  16,  16,  16,
 2048.0K,   3,   3,   4,   9,  14,  14,  15,  15,  17,  20,  23,  23,  23,
 4096.0K,   3,   4,   5,   9,  15,  15,  16,  16,  18,  21,  24,  23,  23,
 8192.0K,   3,   4,  10,  17,  33, 162, 163, 166, 171, 188, 195,  24,  23,
16384.0K,   3,   5,  10,  17,  35, 184, 186, 188, 194, 215, 222, 197,  27,
32768.0K,   3,   5,  10,  18,  36, 186, 187, 190, 195, 216, 294, 226, 202,
65536.0K,   3,   5,  10,  18,  36, 186, 187, 190, 195, 212, 224, 227, 229,
*** BlockRandom Read Latency ***
Block,      8,  16,  32,  64, 128, 256, 512,  1K,  2K,  4K,  8K, 16K,
   0.50K,   3,
    1.0K,   3,   3,
    2.0K,   3,   3,   3,
    4.0K,   3,   3,   3,   3,
    8.0K,   3,   3,   3,   3,   3,
   16.0K,   3,   3,   3,   3,   3,   3,
   32.0K,   3,   3,   3,   3,   3,   3,   3,
   64.0K,  14,  14,  14,  14,  14,  14,  14,  14,
  128.0K,  14,  14,  14,  14,  14,  14,  14,  14,  15,
  256.0K,  14,  14,  14,  14,  14,  14,  14,  14,  15,  15,
  512.0K,  14,  14,  14,  14,  14,  14,  14,  14,  15,  15,  16,
 1024.0K,  14,  14,  14,  14,  14,  14,  14,  14,  15,  16,  16,  16,
 2048.0K,  14,  14,  14,  14,  14,  14,  14,  14,  15,  16,  16,  16,
 4096.0K,  15,  15,  15,  15,  15,  15,  15,  15,  16,  17,  17,  17,
 8192.0K,  55,  75,  88,  95,  99, 105, 110, 111, 113, 114, 114, 114,
16384.0K,  56,  76,  90,  96, 100, 106, 111, 113, 115, 116, 116, 116,
32768.0K,  57,  76,  90,  96, 101, 107, 112, 113, 115, 116, 116, 116,
65536.0K,  57,  76,  90,  96, 101, 107, 112, 113, 115, 116, 116, 116,
*** Random Read Latency ***
Stride,     4,   8,  16,  32,  64, 128, 256, 512,  1K,  2K,  4K,  8K, 16K,
   0.25K,   3,   3,   3,   3,   3,   3,
   0.50K,   3,   3,   3,   3,   3,   3,   3,
    1.0K,   3,   3,   3,   3,   3,   3,   3,   3,
    2.0K,   3,   3,   3,   3,   3,   3,   3,   3,   3,
    4.0K,   3,   3,   3,   3,   3,   3,   3,   3,   3,   3,
    8.0K,   3,   3,   3,   3,   3,   3,   3,   3,   3,   3,   3,
   16.0K,   3,   3,   3,   3,   3,   3,   3,   3,   3,   3,   3,   3,
   32.0K,   3,   3,   3,   3,   3,   3,   3,   3,   3,   3,   3,   3,   3,
   64.0K,   9,   9,   9,  11,  14,  14,  14,  14,  14,  14,  14,   3,   3,
  128.0K,  12,  13,  13,  13,  15,  15,  15,  15,  15,  15,  16,  16,   5,
  256.0K,  14,  14,  14,  15,  15,  16,  15,  16,  16,  16,  16,  16,  16,
  512.0K,  15,  15,  15,  15,  16,  16,  16,  16,  16,  16,  16,  16,  16,
 1024.0K,  16,  16,  16,  16,  16,  16,  16,  16,  16,  16,  16,  16,  16,
 2048.0K,  19,  19,  19,  20,  20,  20,  20,  20,  20,  21,  23,  23,  23,
 4096.0K,  25,  26,  25,  25,  24,  27,  26,  26,  25,  24,  25,  23,  23,
 8192.0K, 128, 130, 134, 143, 158, 198, 197, 196, 194, 193, 194,  26,  23,
16384.0K, 180, 181, 184, 190, 200, 226, 223, 222, 222, 222, 224, 194,  29,
32768.0K, 207, 208, 209, 212, 218, 230, 229, 230, 231, 231, 231, 229, 203,
65536.0K, 221, 222, 222, 224, 227, 232, 234, 235, 236, 235, 235, 235, 234,
*** CacheLine Forward Read Latency ***
Distance,   8,  16,  24,  32,  48,  64,  96, 128, 160, 192, 224, 256, 288,
    8.0K,   3,   3,   3,   3,   3,   3,   3,   3,   3,   3,   3,
   16.0K,   3,   3,   3,   3,   3,   3,   3,   3,   3,   3,   3,   3,
   32.0K,   3,   3,   3,   3,   3,   3,   3,   3,   3,   3,   3,   3,   3,
   64.0K,   9,   9,   9,   9,   9,  14,  14,  14,  14,  14,  14,  14,  14,
  128.0K,   9,   9,   9,   9,   9,  14,  14,  14,  14,  14,  14,  14,  14,
  256.0K,   9,   9,   9,   9,   9,  14,  14,  14,  14,  14,  14,  14,  14,
  512.0K,   9,   9,   9,   9,   9,  14,  14,  14,  14,  14,  14,  14,  14,
 1024.0K,   9,   9,   9,   9,   9,  14,  14,  14,  14,  14,  14,  14,  14,
 2048.0K,  10,  10,  10,  10,  10,  15,  15,  15,  15,  15,  15,  15,  15,
 4096.0K,  10,  10,  10,  10,  10,  16,  16,  16,  16,  16,  16,  16,  16,
 8192.0K,  85,  84,  84,  88,  85, 112, 112, 167, 166, 165, 166, 166, 166,
16384.0K,  94,  94,  94,  98,  96, 119, 118, 189, 189, 187, 187, 189, 189,
32768.0K,  94,  95,  95,  98,  96, 118, 117, 190, 190, 189, 189, 190, 190,
65536.0K,  95,  95,  95,  98,  96, 118, 119, 191, 191, 189, 189, 191, 191,
*** CacheLine Backward Read Latency ***
Distance,   8,  16,  24,  32,  48,  64,  96, 128, 160, 192, 224, 256, 288,
    8.0K,   3,   3,   3,   3,   3,   3,   3,   3,   3,   3,   3,
   16.0K,   3,   3,   3,   3,   3,   3,   3,   3,   3,   3,   3,   3,
   32.0K,   3,   3,   3,   3,   3,   3,   3,   3,   3,   3,   3,   3,   3,
   64.0K,   9,   9,   9,   9,   9,  14,  14,  14,  14,  14,  14,  14,  14,
  128.0K,   9,   9,   9,   9,   9,  14,  14,  14,  14,  14,  14,  14,  14,
  256.0K,   9,   9,   9,   9,   9,  14,  14,  14,  14,  14,  14,  14,  14,
  512.0K,   9,   9,   9,   9,   9,  14,  14,  14,  14,  14,  14,  14,  14,
 1024.0K,   9,   9,   9,   9,   9,  14,  14,  14,  14,  14,  14,  14,  14,
 2048.0K,  10,  10,  10,  10,  10,  15,  15,  15,  15,  15,  15,  15,  15,
 4096.0K,  10,  10,  10,  10,  10,  16,  16,  16,  16,  16,  16,  16,  16,
 8192.0K,  85,  83,  84,  87,  85, 112, 112, 166, 166, 165, 166, 166, 166,
16384.0K,  94,  94,  94,  98,  96, 116, 116, 189, 189, 187, 187, 189, 189,
32768.0K,  95,  95,  95,  98,  97, 117, 117, 191, 191, 189, 189, 191, 191,
65536.0K,  95,  95,  95,  99,  96, 117, 117, 191, 191, 189, 189, 191, 191,
BenchMemLat exit code: 0x0100
L1D cacheline size: 64 bytes      [Mode:6 Size:    64K, Stride:   512, #NOP:  0, UnRoll:64]
L2  cacheline size:128 bytes      [Mode:6 Size:  8192K, Stride:   512, #NOP:  0, UnRoll:64]
Mem latency:  69.641ns( 186 clks) [Mode:1 Size: 16384K, Stride:  1024, #NOP: 54, UnRoll:64]
L1D latency:   1.117ns(   3 clks) [Mode:1 Size:    32K, Stride:    64, #NOP:  0, UnRoll:64]
L2  latency:   4.254ns(  11 clks) [Mode:1 Size:  4096K, Stride:   128, #NOP: 31, UnRoll:64]
Running time:    515 seconds.
