Copyright (C) 2003, 2009 Lavalys Consulting Group, Inc. All rights reserved.
everest_bench.dll build: 2.4.257.0 Jan 19 2009 01:57:35
CPUCount: 1, procMask: 0x00000001 Size of Memory: 259608KB Priority:020
CPU#00 Vendor: CyrixInstead CoreType:0x40000540
CPU#00 Family: 5 Model: 04 Stepping: 0 Type: "Cyrix MediaGXtm MMXtm Enhanced"
CPU#00 Features: TSC, FPU, CMOV, MMX, CMPXCHG8B
CPU#00 Frequency:  233.80MHz  OS:4.10.67766446  A 
CPU#00 AffMask:0x00000001 APIC_ID:0x00000000 Phys_ID:000 Core_ID:00 SMT_ID:00 PhysMask:0x00000001 
CPU#00 L1I+D unified cache:    16KB,  32 byte cache line,  4 way
CPU#00 AffMask:0x00000001 APIC_ID:0x00000000 Phys_ID:000 Core_ID:00 SMT_ID:00 PhysMask:0x00000001 
Parameters: "-ph -d4094 -l "
Memory Latency ProcMask:0x00000001 #NOP:0
*** Linear Read Latency ***
Stride,     4,   8,  16,  32,  64, 128, 256, 512,  1K,  2K,  4K,  8K, 16K,
   0.25K,   3,   3,   3,   3,   4,   4,
   0.50K,   3,   3,   3,   3,   3,   4,   4,
    1.0K,   3,   3,   3,   3,   3,   3,   4,   4,
    2.0K,   3,   3,   3,   3,   3,   3,   3,   4,   5,
    4.0K,   3,   3,   3,   3,   3,   3,   3,   3,   4,   5,
    8.0K,   3,   3,   3,   3,   3,   3,   3,   3,   3,   4,   5,
   16.0K,  10,  15,  26,  26,  25,  25,  27,  26,  26,  25,   4,   5,
   32.0K,  11,  18,  32,  31,  32,  32,  32,  33,  35,  34,  43,   3,   5,
   64.0K,  11,  18,  32,  32,  32,  32,  33,  33,  32,  41,  37,  37,   6,
  128.0K,  11,  18,  32,  32,  32,  32,  33,  34,  37,  44,  60,  57,  54,
  256.0K,  11,  18,  32,  32,  32,  32,  34,  35,  39,  48,  66,  65,  66,
  512.0K,  11,  18,  32,  32,  32,  33,  34,  35,  39,  48,  65,  67,  67,
 1024.0K,  11,  18,  32,  32,  32,  32,  34,  35,  39,  48,  65,  66,  66,
 2048.0K,  12,  18,  32,  32,  32,  33,  34,  35,  39,  48,  65,  66,  67,
 4096.0K,  11,  18,  32,  32,  32,  33,  34,  35,  39,  48,  65,  66,  68,
 8192.0K,  11,  18,  33,  33,  33,  33,  35,  35,  39,  48,  65,  66,  68,
16384.0K,  11,  19,  33,  33,  33,  33,  35,  37,  41,  52,  72,  78,  91,
*** Backward Read Latency ***
Stride,     4,   8,  16,  32,  64, 128, 256, 512,  1K,  2K,  4K,  8K, 16K,
   0.25K,   3,   3,   3,   3,   4,   4,
   0.50K,   3,   3,   3,   3,   3,   4,   4,
    1.0K,   3,   3,   3,   3,   3,   3,   4,   4,
    2.0K,   3,   3,   3,   3,   3,   3,   3,   4,   5,
    4.0K,   3,   3,   3,   3,   3,   3,   3,   3,   4,   5,
    8.0K,   3,   3,   3,   3,   3,   3,   3,   3,   3,   4,   5,
   16.0K,  10,  15,  25,  25,  25,  25,  26,  28,  28,  20,   4,   5,
   32.0K,  11,  18,  32,  31,  32,  32,  33,  34,  34,  34,  37,   3,   5,
   64.0K,  11,  18,  32,  32,  32,  33,  33,  33,  35,  38,  54,  37,   6,
  128.0K,  11,  18,  32,  32,  32,  31,  32,  33,  35,  43,  58,  45,  42,
  256.0K,  11,  18,  32,  32,  32,  33,  34,  35,  39,  48,  66,  63,  52,
  512.0K,  11,  18,  32,  32,  32,  32,  34,  35,  39,  48,  65,  65,  65,
 1024.0K,  11,  18,  33,  32,  32,  32,  34,  35,  39,  48,  65,  67,  67,
 2048.0K,  11,  18,  32,  32,  32,  33,  34,  35,  39,  48,  65,  66,  68,
 4096.0K,  11,  19,  33,  32,  33,  33,  34,  35,  39,  48,  66,  66,  68,
 8192.0K,  11,  19,  33,  33,  33,  33,  35,  35,  39,  48,  65,  66,  67,
16384.0K,  11,  19,  33,  33,  33,  33,  35,  37,  41,  52,  73,  78,  90,
*** BlockRandom Read Latency ***
Block,      8,  16,  32,  64, 128, 256, 512,  1K,  2K,  4K,  8K, 16K,
   0.25K,   3,
   0.50K,   3,   3,
    1.0K,   3,   3,   3,
    2.0K,   3,   3,   3,   3,
    4.0K,   3,   3,   3,   3,   3,
    8.0K,   3,   3,   3,   3,   3,   3,
   16.0K,  26,  26,  26,  26,  26,  26,  26,
   32.0K,  32,  32,  32,  32,  32,  32,  32,  33,
   64.0K,  32,  32,  32,  32,  32,  32,  32,  34,  36,
  128.0K,  32,  32,  32,  32,  32,  32,  33,  34,  35,  47,
  256.0K,  32,  32,  32,  32,  32,  32,  35,  36,  39,  48,  55,
  512.0K,  32,  32,  32,  32,  32,  32,  33,  34,  36,  48,  56,  60,
 1024.0K,  32,  32,  32,  32,  32,  32,  35,  34,  41,  47,  56,  61,
 2048.0K,  33,  32,  32,  32,  32,  33,  34,  36,  41,  48,  57,  61,
 4096.0K,  32,  32,  33,  32,  32,  33,  34,  37,  38,  50,  57,  62,
 8192.0K,  33,  33,  33,  33,  33,  33,  34,  36,  39,  49,  57,  62,
16384.0K,  33,  33,  33,  33,  33,  33,  34,  36,  37,  49,  57,  62,
*** Random Read Latency ***
Stride,     4,   8,  16,  32,  64, 128, 256, 512,  1K,  2K,  4K,  8K, 16K,
   0.25K,   3,   3,   3,   3,   4,   4,
   0.50K,   3,   3,   3,   3,   3,   4,   4,
    1.0K,   3,   3,   3,   3,   3,   3,   4,   4,
    2.0K,   3,   3,   3,   3,   3,   3,   3,   4,   4,
    4.0K,   3,   3,   3,   3,   3,   3,   3,   3,   4,   5,
    8.0K,   3,   3,   3,   3,   3,   3,   3,   3,   3,   4,   5,
   16.0K,  11,  14,  26,  26,  27,  26,  25,  20,  18,   9,   4,   5,
   32.0K,  30,  33,  35,  39,  34,  32,  34,  38,  31,  38,  37,   3,   5,
   64.0K,  39,  37,  44,  38,  35,  35,  35,  34,  34,  34,  33,  31,   6,
  128.0K,  46,  45,  47,  47,  47,  48,  49,  49,  49,  52,  59,  51,  45,
  256.0K,  56,  55,  56,  56,  56,  57,  58,  58,  59,  61,  68,  67,  61,
  512.0K,  61,  61,  61,  61,  60,  61,  62,  61,  62,  64,  67,  66,  67,
 1024.0K,  64,  63,  63,  63,  64,  64,  64,  64,  63,  63,  65,  66,  67,
 2048.0K,  67,  66,  66,  67,  67,  67,  66,  65,  64,  64,  65,  67,  68,
 4096.0K,  71,  71,  70,  70,  69,  68,  67,  66,  65,  64,  65,  67,  68,
 8192.0K,  81,  80,  80,  77,  73,  70,  69,  67,  65,  65,  65,  66,  70,
16384.0K,  96,  94,  93,  89,  84,  78,  76,  75,  74,  77,  78,  82, 100,
*** CacheLine Forward Read Latency ***
Distance,   8,  16,  24,  32,  48,  64,  96, 128, 160, 192, 224, 256, 288,
    8.0K,   3,   3,   3,   3,   3,   3,   3,   3,   3,   3,   3,
   16.0K,  16,  27,  27,  27,  27,  27,  27,  27,  27,  25,  26,  26,
   32.0K,  20,  34,  34,  35,  34,  34,  34,  34,  35,  34,  35,  34,  35,
   64.0K,  19,  34,  33,  34,  34,  34,  34,  34,  34,  34,  34,  34,  34,
  128.0K,  20,  34,  34,  34,  34,  34,  34,  34,  34,  34,  34,  34,  34,
  256.0K,  20,  34,  34,  34,  35,  34,  34,  34,  35,  34,  34,  34,  34,
  512.0K,  20,  34,  34,  34,  34,  34,  34,  34,  34,  34,  34,  34,  34,
 1024.0K,  20,  34,  34,  34,  34,  34,  34,  34,  34,  34,  34,  34,  34,
 2048.0K,  20,  34,  34,  34,  34,  34,  34,  34,  34,  34,  34,  34,  34,
 4096.0K,  20,  34,  35,  35,  35,  35,  35,  35,  35,  35,  35,  34,  35,
 8192.0K,  20,  35,  35,  35,  35,  35,  35,  35,  35,  35,  35,  35,  35,
16384.0K,  21,  35,  35,  36,  35,  36,  35,  35,  35,  36,  36,  35,  35,
*** CacheLine Backward Read Latency ***
Distance,   8,  16,  24,  32,  48,  64,  96, 128, 160, 192, 224, 256, 288,
    8.0K,   3,   3,   3,   3,   3,   3,   3,   3,   3,   3,   3,
   16.0K,  15,  26,  26,  26,  25,  25,  25,  25,  25,  25,  25,  25,
   32.0K,  21,  35,  35,  35,  34,  34,  35,  34,  35,  35,  35,  34,  34,
   64.0K,  20,  35,  34,  34,  33,  33,  34,  34,  34,  34,  34,  34,  34,
  128.0K,  20,  34,  34,  34,  34,  34,  34,  34,  34,  34,  34,  34,  34,
  256.0K,  21,  34,  34,  35,  34,  34,  34,  34,  34,  34,  34,  34,  34,
  512.0K,  21,  34,  34,  35,  34,  34,  34,  34,  34,  34,  34,  34,  34,
 1024.0K,  21,  34,  34,  35,  34,  34,  34,  34,  34,  34,  34,  34,  34,
 2048.0K,  21,  35,  34,  35,  34,  34,  34,  34,  34,  34,  34,  34,  34,
 4096.0K,  21,  35,  35,  35,  34,  34,  35,  35,  34,  35,  35,  35,  35,
 8192.0K,  22,  35,  35,  36,  35,  35,  35,  35,  35,  35,  35,  35,  35,
16384.0K,  22,  35,  35,  36,  36,  36,  36,  35,  35,  33,  35,  36,  35,
BenchMemLat exit code: 0x0100
L1I+D cacheline size: 16 bytes      [Mode:6 Size:    32K, Stride:   512, #NOP:  0, UnRoll:32]
Mem latency: 170.786ns(  40 clks) [Mode:1 Size: 16384K, Stride:  1024, #NOP:  1, UnRoll:16]
L1I+D latency:  12.736ns(   3 clks) [Mode:1 Size:     8K, Stride:    32, #NOP:  0, UnRoll:64]
Running time:    805 seconds.
