Copyright (C) 2003, 2009 Lavalys Consulting Group, Inc. All rights reserved.
everest_bench.dll build: 2.4.257.0 Jan 19 2009 01:57:35
CPUCount: 1, procMask: 0x00000001 Size of Memory: 257524KB Priority:080
CPU#00 Vendor: CentaurHauls CoreType:0x30000678
CPU#00 Family: 6 Model: 07 Stepping: 8 Type: "VIA Ezra"
CPU#00 Features: TSC, FPU, MMX, 3DNow!, CMPXCHG8B
CPU#00 Frequency:  799.99MHz  OS:5.1.2600 Service Pack 1
CPU#00 AffMask:0x00000001 APIC_ID:0x00000000 Phys_ID:000 Core_ID:00 SMT_ID:00 PhysMask:0x00000001 
CPU#00 L1I cache:    64KB,   32 byte cache line,  4 way, SMask:00000001
CPU#00 L1D cache:    64KB,   32 byte cache line,  4 way, SMask:00000001
CPU#00 L2  cache:    64KB,   32 byte cache line,  4 way, SMask:00000001, exclusive
CPU#00 AffMask:0x00000001 APIC_ID:0x00000000 Phys_ID:000 Core_ID:00 SMT_ID:00 PhysMask:0x00000001 
Parameters: "-ph -d4094 -l "
Memory Latency ProcMask:0x00000001 #NOP:0
*** Linear Read Latency ***
Stride,     4,   8,  16,  32,  64, 128, 256, 512,  1K,  2K,  4K,  8K, 16K,
   0.25K,   4,   4,   4,   4,   4,   4,
   0.50K,   4,   4,   4,   4,   4,   4,   4,
    1.0K,   4,   4,   4,   4,   4,   4,   4,   4,
    2.0K,   4,   4,   4,   4,   4,   4,   4,   4,   4,
    4.0K,   4,   4,   4,   4,   4,   4,   4,   4,   4,   4,
    8.0K,   4,   4,   4,   4,   4,   4,   4,   4,   4,   4,   4,
   16.0K,   4,   4,   4,   4,   4,   4,   4,   4,   4,   4,   4,   4,
   32.0K,   4,   4,   4,   4,   4,   4,   4,   4,   4,   4,   4,   4,   4,
   64.0K,   4,   4,   4,   4,   4,   4,   4,   4,   4,   4,   4,   4,   4,
  128.0K,   8,  10,  13,  26,  26,  27,  26,  26,  26,  32,  64,  62,  58,
  256.0K,  19,  33,  63, 112, 116, 116, 117, 119, 123, 131, 165, 166,  62,
  512.0K,  19,  33,  63, 113, 112, 115, 110, 119, 124, 132, 169, 168, 160,
 1024.0K,  19,  33,  63, 114, 114, 116, 117, 122, 129, 143, 161, 169, 169,
 2048.0K,  19,  33,  64, 115, 115, 115, 118, 122, 129, 142, 169, 161, 170,
 4096.0K,  19,  33,  64, 115, 116, 116, 117, 119, 129, 135, 169, 161, 169,
 8192.0K,  19,  34,  64, 116, 116, 117, 117, 120, 128, 138, 170, 170, 170,
16384.0K,  19,  34,  64, 116, 116, 117, 118, 121, 129, 143, 170, 170, 170,
*** Backward Read Latency ***
Stride,     4,   8,  16,  32,  64, 128, 256, 512,  1K,  2K,  4K,  8K, 16K,
   0.25K,   4,   4,   4,   4,   4,   4,
   0.50K,   4,   4,   4,   4,   4,   4,   4,
    1.0K,   4,   4,   4,   4,   4,   4,   4,   4,
    2.0K,   4,   4,   4,   4,   4,   4,   4,   4,   4,
    4.0K,   4,   4,   4,   4,   4,   4,   4,   4,   4,   4,
    8.0K,   4,   4,   4,   4,   4,   4,   4,   4,   4,   4,   4,
   16.0K,   4,   4,   4,   4,   4,   4,   4,   4,   4,   4,   4,   4,
   32.0K,   4,   4,   4,   4,   4,   4,   4,   4,   4,   4,   4,   4,   4,
   64.0K,   4,   4,   4,   4,   4,   4,   4,   4,   4,   4,   4,   4,   4,
  128.0K,   8,  10,  13,  26,  26,  26,  26,  26,  25,  32,  64,  62,  58,
  256.0K,  19,  33,  62, 111, 110, 116, 110, 119, 123, 132, 167, 160,  62,
  512.0K,  19,  33,  63, 114, 115, 114, 117, 119, 124, 125, 169, 161, 165,
 1024.0K,  19,  33,  63, 115, 115, 112, 118, 122, 129, 135, 169, 168, 166,
 2048.0K,  19,  33,  64, 115, 115, 115, 114, 122, 129, 143, 170, 161, 169,
 4096.0K,  19,  33,  64, 115, 116, 116, 116, 120, 129, 143, 170, 169, 170,
 8192.0K,  19,  33,  64, 115, 116, 117, 118, 120, 128, 138, 170, 170, 161,
16384.0K,  19,  33,  64, 116, 116, 117, 118, 121, 129, 141, 170, 170, 170,
*** BlockRandom Read Latency ***
Block,      8,  16,  32,  64, 128, 256, 512,  1K,  2K,  4K,  8K, 16K,
   0.25K,   4,
   0.50K,   4,   4,
    1.0K,   4,   4,   4,
    2.0K,   4,   4,   4,   4,
    4.0K,   4,   4,   4,   4,   4,
    8.0K,   4,   4,   4,   4,   4,   4,
   16.0K,   4,   4,   4,   4,   4,   4,   4,
   32.0K,   4,   4,   4,   4,   4,   4,   4,   4,
   64.0K,   4,   4,   4,   4,   4,   4,   4,   4,   4,
  128.0K,  27,  27,  27,  27,  26,  26,  27,  27,  27,  31,
  256.0K, 115, 115, 115, 113, 114, 115, 117, 128, 133, 142, 144,
  512.0K, 115, 114, 113, 115, 113, 114, 117, 129, 135, 142, 148, 148,
 1024.0K, 115, 115, 114, 115, 114, 115, 116, 127, 137, 144, 148, 150,
 2048.0K, 115, 115, 115, 115, 115, 116, 117, 128, 138, 144, 148, 150,
 4096.0K, 115, 115, 115, 115, 115, 116, 118, 128, 138, 145, 148, 151,
 8192.0K, 116, 115, 116, 115, 116, 116, 117, 128, 138, 145, 149, 151,
16384.0K, 116, 116, 116, 116, 116, 116, 118, 129, 138, 145, 149, 151,
*** Random Read Latency ***
Stride,     4,   8,  16,  32,  64, 128, 256, 512,  1K,  2K,  4K,  8K, 16K,
   0.25K,   4,   4,   4,   4,   4,   4,
   0.50K,   4,   4,   4,   4,   4,   4,   4,
    1.0K,   4,   4,   4,   4,   4,   4,   4,   4,
    2.0K,   4,   4,   4,   4,   4,   4,   4,   4,   4,
    4.0K,   4,   4,   4,   4,   4,   4,   4,   4,   4,   4,
    8.0K,   4,   4,   4,   4,   4,   4,   4,   4,   4,   4,   4,
   16.0K,   4,   4,   4,   4,   4,   4,   4,   4,   4,   4,   4,   4,
   32.0K,   4,   4,   4,   4,   4,   4,   4,   4,   4,   4,   4,   4,   4,
   64.0K,   4,   4,   4,   4,   4,   4,   4,   4,   4,   4,   4,   4,   4,
  128.0K,  15,  16,  21,  31,  29,  29,  29,  30,  34,  46,  64,  66,  58,
  256.0K,  85,  90, 107, 146, 142, 140, 141, 150, 154, 158, 167, 161,  62,
  512.0K, 118, 122, 130, 148, 150, 151, 151, 153, 156, 168, 169, 168, 160,
 1024.0K, 145, 147, 151, 159, 159, 161, 159, 162, 166, 167, 169, 169, 168,
 2048.0K, 159, 159, 161, 166, 165, 164, 162, 168, 168, 169, 169, 161, 169,
 4096.0K, 165, 166, 167, 169, 169, 168, 168, 168, 164, 169, 169, 170, 169,
 8192.0K, 170, 170, 171, 172, 173, 173, 174, 172, 168, 170, 161, 170, 170,
16384.0K, 176, 176, 175, 176, 178, 179, 178, 174, 171, 170, 170, 165, 170,
*** CacheLine Forward Read Latency ***
Distance,   8,  16,  24,  32,  48,  64,  96, 128, 160, 192, 224, 256, 288,
    8.0K,   4,   4,   4,   4,   4,   4,   4,   4,   4,   4,   4,
   16.0K,   4,   4,   4,   4,   4,   4,   4,   4,   4,   4,   4,   4,
   32.0K,   4,   4,   4,   4,   4,   4,   4,   4,   4,   4,   4,   4,   4,
   64.0K,   4,   4,   4,   4,   4,   4,   4,   4,   4,   4,   4,   4,   4,
  128.0K,  10,  10,  10,  13,  13,  13,  13,  13,  13,  13,  13,  13,  13,
  256.0K,  65,  61,  65, 106, 114, 114, 106, 114, 114, 114, 114, 106, 114,
  512.0K,  65,  65,  65, 109, 114, 106, 106, 114, 106, 114, 107, 114, 114,
 1024.0K,  67,  62,  62, 115, 114, 115, 111, 115, 111, 110, 115, 108, 108,
 2048.0K,  66,  67,  66, 111, 111, 112, 112, 111, 112, 115, 115, 112, 115,
 4096.0K,  65,  65,  65, 115, 115, 113, 113, 115, 114, 115, 113, 116, 115,
 8192.0K,  66,  66,  66, 114, 115, 115, 114, 114, 114, 115, 114, 114, 114,
16384.0K,  66,  66,  66, 115, 115, 115, 115, 115, 115, 115, 115, 115, 115,
*** CacheLine Backward Read Latency ***
Distance,   8,  16,  24,  32,  48,  64,  96, 128, 160, 192, 224, 256, 288,
    8.0K,   4,   4,   4,   4,   4,   4,   4,   4,   4,   4,   4,
   16.0K,   4,   4,   4,   4,   4,   4,   4,   4,   4,   4,   4,   4,
   32.0K,   4,   4,   4,   4,   4,   4,   4,   4,   4,   4,   4,   4,   4,
   64.0K,   4,   4,   4,   4,   4,   4,   4,   4,   4,   4,   4,   4,   4,
  128.0K,  10,  10,  10,  13,  13,  13,  13,  13,  13,  13,  13,  13,  13,
  256.0K,  65,  65,  65, 114, 114, 114, 114, 114, 114, 114, 106, 114, 114,
  512.0K,  65,  65,  65, 109, 106, 114, 114, 106, 114, 114, 107, 114, 114,
 1024.0K,  67,  64,  62, 115, 111, 109, 115, 111, 109, 115, 110, 114, 115,
 2048.0K,  66,  66,  67, 116, 113, 116, 115, 112, 114, 115, 113, 111, 111,
 4096.0K,  66,  67,  66, 113, 113, 113, 114, 116, 113, 113, 113, 116, 115,
 8192.0K,  66,  66,  66, 114, 114, 114, 115, 114, 115, 114, 114, 114, 114,
16384.0K,  66,  66,  66, 115, 115, 115, 115, 115, 115, 115, 115, 115, 115,
BenchMemLat exit code: 0x0100
L1D cacheline size: 32 bytes      [Mode:6 Size:   128K, Stride:   512, #NOP:  0, UnRoll:64]
L2  cacheline size: 32 bytes      [Mode:6 Size:   128K, Stride:   512, #NOP:  0, UnRoll:64]
Mem latency: 154.252ns( 123 clks) [Mode:1 Size: 16384K, Stride:  1024, #NOP:  5, UnRoll:64]
L1D latency:   4.885ns(   4 clks) [Mode:1 Size:    64K, Stride:    32, #NOP:  0, UnRoll:64]
L2  latency:  16.134ns(  13 clks) [Mode:1 Size:   128K, Stride:    32, #NOP: 49, UnRoll:64]
Running time:    410 seconds.
