Copyright (C) 2003, 2009 Lavalys Consulting Group, Inc. All rights reserved.
everest_bench.dll build: 2.4.273.0 Oct 21 2009 23:53:40
CPUCount: 1, procMask: 0x00000001 Size of Memory: 523764KB Priority:020
CPU#00 Vendor: AuthenticAMD CoreType:0x10000500
CPU#00 Family: 5 Model: 00 Stepping: 0
CPU#00 Features: TSC, FPU, CMPXCHG8B
CPU#00 Frequency:   74.86MHz  OS:5.1.2600 Szervizcsomag 2
CPU#00 AffMask:0x00000001 APIC_ID:0x00000000 Phys_ID:000 Core_ID:00 SMT_ID:00 PhysMask:0x00000001 
CPU#00 L1I cache:    16KB,   32 byte cache line,  4 way, SMask:00000001
CPU#00 L1D cache:     8KB,   32 byte cache line,  4 way, SMask:00000001
Memory Latency ProcMask:0x00000001 #NOP:0
*** Linear Read Latency ***
Stride,     4,   8,  16,  32,  64, 128, 256, 512,  1K,  2K,  4K,  8K,
   0.25K,   1,   1,   1,   1,   1,   1,
   0.50K,   1,   1,   1,   1,   1,   1,   1,
    1.0K,   1,   1,   1,   1,   1,   1,   1,   1,
    2.0K,   1,   1,   1,   1,   1,   1,   1,   1,   1,
    4.0K,   1,   1,   1,   1,   1,   1,   1,   1,   1,   1,
    8.0K,   1,   1,   1,   1,   1,   1,   1,   1,   1,   1,   1,
   16.0K,   2,   3,   5,   7,   6,   9,  10,  10,   8,   9,   1,   3,
   32.0K,   2,   3,   6,   8,   9,   8,  10,   9,   9,  10,   9,   2,
   64.0K,   2,   4,   6,   9,   9,   9,  10,  10,   9,  10,  10,   9,
  128.0K,   2,   4,   6,  10,  10,  10,  10,  10,  10,  10,  10,  10,
  256.0K,   2,   4,   6,  10,  10,  10,  10,  10,  10,  10,  10,  10,
  512.0K,   2,   4,   7,  10,  10,  10,  10,  10,  10,  11,  11,  10,
 1024.0K,   3,   4,   7,  12,  11,  12,  12,  13,  14,  16,  19,  19,
 2048.0K,   3,   4,   8,  14,  15,  14,  14,  16,  16,  20,  26,  24,
 4096.0K,   3,   6,  11,  19,  19,  19,  19,  20,  21,  25,  32,  28,
 8192.0K,   4,   6,  11,  20,  20,  20,  21,  21,  23,  27,  34,  32,
16384.0K,   4,   6,  11,  20,  20,  20,  21,  21,  23,  27,  34,  34,
*** Backward Read Latency ***
Stride,     4,   8,  16,  32,  64, 128, 256, 512,  1K,  2K,  4K,  8K,
   0.25K,   1,   1,   1,   1,   1,   1,
   0.50K,   1,   1,   1,   1,   1,   1,   1,
    1.0K,   1,   1,   1,   1,   1,   1,   1,   1,
    2.0K,   1,   1,   1,   1,   1,   1,   1,   1,   1,
    4.0K,   1,   1,   1,   1,   1,   1,   1,   1,   1,   1,
    8.0K,   2,   1,   1,   1,   1,   1,   1,   1,   1,   1,   1,
   16.0K,   2,   3,   5,   7,   7,   9,   7,  10,  10,   9,   1,   3,
   32.0K,   2,   3,   6,   8,   8,   8,   9,   9,  10,  10,   9,   2,
   64.0K,   2,   4,   6,   9,   9,   9,   9,  10,  10,  10,  10,   9,
  128.0K,   2,   4,   6,  10,  10,  10,  10,  10,  10,  10,  10,  10,
  256.0K,   2,   4,   6,  10,  10,  10,  10,  10,  10,  10,  10,  10,
  512.0K,   2,   4,   7,  10,  10,  10,  10,  10,  11,  10,  11,  10,
 1024.0K,   3,   4,   7,  13,  12,  12,  12,  13,  14,  16,  23,  21,
 2048.0K,   3,   5,   9,  15,  14,  15,  15,  16,  18,  20,  25,  23,
 4096.0K,   3,   6,  11,  19,  19,  19,  19,  20,  21,  25,  32,  28,
 8192.0K,   4,   6,  11,  20,  20,  20,  20,  21,  23,  27,  34,  32,
16384.0K,   4,   6,  11,  20,  20,  20,  21,  21,  23,  27,  34,  34,
*** BlockRandom Read Latency ***
Block,      8,  16,  32,  64, 128, 256, 512,  1K,  2K,  4K,  8K,
   0.25K,   1,
   0.50K,   1,   1,
    1.0K,   1,   1,   1,
    2.0K,   1,   1,   1,   1,
    4.0K,   1,   1,   1,   1,   1,
    8.0K,   1,   1,   1,   1,   1,   1,
   16.0K,   8,   8,   8,   8,   8,   8,   8,
   32.0K,  10,  10,  10,  10,  10,  10,  10,  10,
   64.0K,  10,  10,  10,  10,  10,  10,  10,  10,  10,
  128.0K,  10,  10,  10,  10,  10,  10,  10,  10,  10,  10,
  256.0K,  10,  10,  10,  10,  10,  10,  10,  10,  10,  10,  10,
  512.0K,  11,  11,  10,  10,  11,  11,  11,  10,  10,  11,  11,
 1024.0K,  11,  12,  13,  13,  13,  12,  12,  12,  11,  12,  12,
 2048.0K,  15,  15,  15,  14,  14,  15,  14,  14,  14,  14,  14,
 4096.0K,  19,  19,  19,  19,  19,  19,  19,  19,  19,  19,  19,
 8192.0K,  20,  20,  20,  20,  20,  20,  20,  20,  20,  20,  20,
16384.0K,  20,  20,  20,  20,  20,  20,  20,  20,  20,  20,  20,
*** Random Read Latency ***
Stride,     4,   8,  16,  32,  64, 128, 256, 512,  1K,  2K,  4K,  8K,
   0.25K,   1,   1,   1,   1,   1,   1,
   0.50K,   1,   1,   1,   1,   1,   1,   1,
    1.0K,   1,   1,   1,   1,   1,   1,   1,   1,
    2.0K,   1,   1,   1,   1,   1,   1,   1,   1,   1,
    4.0K,   1,   1,   1,   1,   1,   1,   1,   1,   1,   1,
    8.0K,   1,   1,   1,   1,   1,   1,   1,   1,   1,   1,   1,
   16.0K,   7,   6,   7,   8,   8,   8,   8,  10,   8,   9,   1,   3,
   32.0K,   8,   9,   9,  11,  11,  10,  11,  10,  10,  12,   9,   2,
   64.0K,  10,   9,   9,  10,  10,  10,  10,  10,  10,  11,  10,   9,
  128.0K,  10,  10,  10,  11,  10,  10,  10,  10,  10,  10,  10,  10,
  256.0K,  10,  10,  10,  10,  10,  10,  10,  10,  10,  10,  10,  10,
  512.0K,  10,  10,  11,  11,  11,  11,  10,  11,  10,  11,  11,  10,
 1024.0K,  19,  19,  19,  19,  19,  20,  20,  19,  20,  21,  24,  23,
 2048.0K,  24,  25,  24,  26,  26,  25,  26,  26,  26,  27,  29,  27,
 4096.0K,  29,  29,  30,  32,  32,  32,  31,  32,  32,  32,  33,  29,
 8192.0K,  32,  32,  33,  34,  34,  34,  34,  34,  34,  34,  34,  33,
16384.0K,  34,  34,  34,  35,  35,  34,  34,  35,  34,  34,  34,  34,
*** CacheLine Forward Read Latency ***
Distance,   8,  16,  24,  32,  48,  64,  96, 128, 160, 192, 224, 256,
    8.0K,   3,   1,   1,   1,   1,   1,   1,   1,   1,   1,   1,
   16.0K,   5,   5,   5,   6,   8,   6,   6,   7,   5,   5,   8,   6,
   32.0K,   5,   5,   5,   8,   7,   8,   8,   8,   7,   7,   8,   7,
   64.0K,   5,   4,   5,   8,   8,   8,   8,   8,   8,   8,   8,   8,
  128.0K,   5,   5,   5,   8,   8,   8,   8,   8,   8,   8,   8,   8,
  256.0K,   5,   4,   5,   8,   8,   8,   8,   8,   8,   8,   8,   8,
  512.0K,   5,   5,   5,   9,   9,   8,   9,   9,   9,   8,   8,   9,
 1024.0K,   6,   6,   6,  11,  12,  11,  11,  10,  11,  10,  11,  11,
 2048.0K,   8,   8,   8,  14,  14,  14,  13,  14,  14,  14,  13,  13,
 4096.0K,  10,  10,  10,  17,  17,  17,  17,  17,  17,  17,  17,  17,
 8192.0K,  10,  10,  10,  19,  18,  19,  19,  18,  18,  18,  18,  19,
16384.0K,  10,  10,  10,  19,  19,  19,  19,  19,  19,  19,  19,  19,
*** CacheLine Backward Read Latency ***
Distance,   8,  16,  24,  32,  48,  64,  96, 128, 160, 192, 224, 256,
    8.0K,   1,   1,   1,   1,   1,   1,   1,   1,   1,   1,   1,
   16.0K,   5,   5,   5,   8,   6,   8,   8,   6,   8,   8,   8,   5,
   32.0K,   5,   5,   5,   8,   8,   8,   8,   7,   8,   8,   8,   8,
   64.0K,   5,   5,   5,   8,   8,   8,   8,   8,   7,   8,   7,   7,
  128.0K,   5,   5,   5,   8,   8,   8,   8,   8,   8,   8,   8,   8,
  256.0K,   5,   4,   4,   8,   8,   8,   8,   8,   8,   8,   8,   8,
  512.0K,   5,   5,   5,   9,   9,   8,   9,   9,   9,   9,   9,   9,
 1024.0K,   7,   6,   6,  11,  11,  11,  11,  11,  10,  11,  11,  11,
 2048.0K,   8,   8,   8,  14,  14,  14,  14,  14,  14,  14,  14,  14,
 4096.0K,  10,  10,  10,  17,  17,  17,  17,  17,  17,  17,  17,  17,
 8192.0K,  10,  10,  10,  18,  19,  19,  19,  19,  19,  19,  19,  18,
16384.0K,  10,  10,  10,  19,  19,  19,  19,  19,  19,  19,  19,  19,
BenchMemLat exit code: 0x0100
L1D cacheline size: 32 bytes      [Mode:6 Size:    16K, Stride:   512, #NOP:  0, UnRoll:16]
Mem latency: 307.810ns(  23 clks) [Mode:1 Size: 16384K, Stride:  1024, #NOP:  0, UnRoll:8]
L1D latency:  13.137ns(   1 clks) [Mode:1 Size:     8K, Stride:    32, #NOP:  0, UnRoll:64]
Running time:   1067 seconds.
