Copyright (C) 2003, 2009 Lavalys Consulting Group, Inc. All rights reserved.
everest_bench.dll build: 2.4.257.0 Jan 19 2009 01:57:35
CPUCount: 1, procMask: 0x00000001 Size of Memory: 457968KB Priority:080
CPU#00 Vendor: AuthenticAMD CoreType:0x10020fc2
CPU#00 Family: f Model: 2c Stepping: 2 Type: "AMD Sempron(tm) Processor 2600+"
CPU#00 Features: TSC, FPU, CMOV, MMX, MMX+, 3DNow!, 3DNow!+, SSE, SSE2, SSE3, CMPXCHG8B
CPU#00 Frequency: 1607.04MHz  OS:5.1.2600 Service Pack 2
CPU#00 AffMask:0x00000001 APIC_ID:0x00000000 Phys_ID:000 Core_ID:00 SMT_ID:00 PhysMask:0x00000001 
CPU#00 L1I cache:    64KB,   64 byte cache line,  2 way, SMask:00000001
CPU#00 L1D cache:    64KB,   64 byte cache line,  2 way, SMask:00000001
CPU#00 L2  cache:   128KB,   64 byte cache line, 16 way, SMask:00000001, exclusive
CPU#00 AffMask:0x00000001 APIC_ID:0x00000000 Phys_ID:000 Core_ID:00 SMT_ID:00 PhysMask:0x00000001 
Parameters: "-ph -d4094 -l "
Memory Latency ProcMask:0x00000001 #NOP:0
*** Linear Read Latency ***
Stride,     4,   8,  16,  32,  64, 128, 256, 512,  1K,  2K,  4K,  8K, 16K,
   0.25K,   3,   3,   3,   3,   3,   3,
   0.50K,   3,   3,   3,   3,   3,   3,   3,
    1.0K,   3,   3,   3,   3,   3,   3,   3,   3,
    2.0K,   3,   3,   3,   3,   3,   3,   3,   3,   3,
    4.0K,   3,   3,   3,   3,   3,   3,   3,   3,   3,   3,
    8.0K,   3,   3,   3,   3,   3,   3,   3,   3,   3,   3,   3,
   16.0K,   3,   3,   3,   3,   3,   3,   3,   3,   3,   3,   3,   3,
   32.0K,   3,   3,   3,   3,   3,   3,   3,   3,   3,   3,   3,   3,   3,
   64.0K,   3,   3,   3,   3,   3,   3,   3,   3,   3,   3,   3,   3,   3,
  128.0K,   4,   4,   5,  16,  17,  12,  12,  12,  12,  12,  18,  18,  19,
  256.0K,   4,   7,  13,  26,  45,  87,  87,  90,  96, 104, 121,  22,  19,
  512.0K,   4,   6,  13,  26,  49,  81,  87,  90,  90, 106, 123, 121,  19,
 1024.0K,   4,   6,  13,  26,  46,  86,  88,  91,  90, 107, 121, 123, 115,
 2048.0K,   4,   7,  13,  26,  49,  87,  88,  85,  97, 107, 122, 123, 124,
 4096.0K,   4,   7,  13,  26,  48,  86,  89,  93,  99, 113, 138, 138, 136,
 8192.0K,   4,   7,  13,  27,  49,  87,  88,  94,  99, 116, 145, 145, 133,
16384.0K,   4,   7,  13,  27,  49,  87,  90,  93, 100, 115, 135, 149, 148,
*** Backward Read Latency ***
Stride,     4,   8,  16,  32,  64, 128, 256, 512,  1K,  2K,  4K,  8K, 16K,
   0.25K,   3,   3,   3,   3,   3,   3,
   0.50K,   3,   3,   3,   3,   3,   3,   3,
    1.0K,   3,   3,   3,   3,   3,   3,   3,   3,
    2.0K,   3,   3,   3,   3,   3,   3,   3,   3,   3,
    4.0K,   3,   3,   3,   3,   3,   3,   3,   3,   3,   3,
    8.0K,   3,   3,   3,   3,   3,   3,   3,   3,   3,   3,   3,
   16.0K,   3,   3,   3,   3,   3,   3,   3,   3,   3,   3,   3,   3,
   32.0K,   3,   3,   3,   3,   3,   3,   3,   3,   3,   3,   3,   3,   3,
   64.0K,   3,   3,   3,   3,   3,   3,   3,   3,   3,   3,   3,   3,   3,
  128.0K,   4,   6,   8,  16,  17,  12,  12,  12,  12,  12,  18,  22,  22,
  256.0K,   5,   7,  14,  27,  49,  86,  88,  90,  95, 103, 120,  22,  19,
  512.0K,   5,   7,  14,  26,  49,  86,  88,  85,  97, 106, 121, 120,  19,
 1024.0K,   5,   6,  13,  26,  49,  86,  82,  91,  97, 107, 122, 119, 118,
 2048.0K,   5,   7,  14,  26,  49,  87,  83,  91,  96, 107, 124, 122, 123,
 4096.0K,   5,   7,  14,  26,  48,  86,  89,  87,  98, 109, 138, 139, 136,
 8192.0K,   5,   7,  14,  27,  49,  87,  90,  91,  98, 115, 144, 145, 144,
16384.0K,   5,   7,  14,  27,  49,  88,  90,  93,  99, 117, 148, 149, 136,
*** BlockRandom Read Latency ***
Block,      8,  16,  32,  64, 128, 256, 512,  1K,  2K,  4K,  8K, 16K,
   0.50K,   3,
    1.0K,   3,   3,
    2.0K,   3,   3,   3,
    4.0K,   3,   3,   3,   3,
    8.0K,   3,   3,   3,   3,   3,
   16.0K,   3,   3,   3,   3,   3,   3,
   32.0K,   3,   3,   3,   3,   3,   3,   3,
   64.0K,   3,   3,   3,   3,   3,   3,   3,   3,
  128.0K,  19,  18,  18,  18,  16,  15,  13,  13,  13,
  256.0K,  68,  69,  69,  65,  73,  88, 102, 112, 108, 112,
  512.0K,  68,  69,  68,  67,  76,  84, 103, 106, 116, 115, 122,
 1024.0K,  68,  69,  68,  69,  77,  91, 104, 111, 116, 119, 124, 122,
 2048.0K,  67,  68,  69,  69,  75,  90, 103, 112, 116, 121, 123, 125,
 4096.0K,  69,  69,  69,  69,  78,  89, 102, 112, 116, 121, 124, 125,
 8192.0K,  69,  69,  69,  69,  77,  90, 104, 113, 116, 121, 124, 126,
16384.0K,  69,  69,  69,  69,  78,  91, 104, 113, 116, 121, 124, 126,
*** Random Read Latency ***
Stride,     4,   8,  16,  32,  64, 128, 256, 512,  1K,  2K,  4K,  8K, 16K,
   0.25K,   3,   3,   3,   3,   3,   3,
   0.50K,   3,   3,   3,   3,   3,   3,   3,
    1.0K,   3,   3,   3,   3,   3,   3,   3,   3,
    2.0K,   3,   3,   3,   3,   3,   3,   3,   3,   3,
    4.0K,   3,   3,   3,   3,   3,   3,   3,   3,   3,   3,
    8.0K,   3,   3,   3,   3,   3,   3,   3,   3,   3,   3,   3,
   16.0K,   3,   3,   3,   3,   3,   3,   3,   3,   3,   3,   3,   3,
   32.0K,   3,   3,   3,   3,   3,   3,   3,   3,   3,   3,   3,   3,   3,
   64.0K,   3,   3,   3,   3,   3,   3,   3,   3,   3,   3,   3,   3,   3,
  128.0K,  10,  10,  10,  12,  13,  13,  13,  14,  15,  17,  23,  23,  23,
  256.0K,  43,  45,  49,  64, 113, 115, 114, 117, 117, 113, 120,  22,  22,
  512.0K,  84,  86,  90, 100, 124, 124, 123, 122, 123, 126, 126, 126,  22,
 1024.0K, 105, 106, 109, 114, 124, 125, 126, 125, 125, 117, 126, 127, 131,
 2048.0K, 116, 116, 118, 120, 125, 124, 125, 118, 126, 127, 127, 121, 136,
 4096.0K, 130, 130, 130, 132, 134, 134, 135, 136, 138, 140, 143, 146, 137,
 8192.0K, 139, 139, 139, 140, 141, 141, 143, 142, 141, 147, 153, 153, 151,
16384.0K, 145, 145, 145, 146, 146, 148, 151, 151, 150, 151, 150, 153, 152,
*** CacheLine Forward Read Latency ***
Distance,   8,  16,  24,  32,  48,  64,  96, 128, 160, 192, 224, 256, 288,
    8.0K,   3,   3,   3,   3,   3,   3,   3,   3,   3,   3,   3,
   16.0K,   3,   3,   3,   3,   3,   3,   3,   3,   3,   3,   3,   3,
   32.0K,   3,   3,   3,   3,   3,   3,   3,   3,   3,   3,   3,   3,   3,
   64.0K,   3,   3,   3,   3,   3,   3,   3,   3,   3,   3,   3,   3,   3,
  128.0K,   7,   7,   7,   7,   7,  17,  17,  17,  17,  17,  17,  17,  17,
  256.0K,  49,  49,  49,  49,  57,  96, 102,  88,  88,  87,  88,  88,  87,
  512.0K,  49,  49,  49,  49,  57, 102,  96,  88,  88,  88,  88,  88,  88,
 1024.0K,  49,  49,  49,  49,  57, 102, 102,  82,  88,  88,  88,  88,  88,
 2048.0K,  48,  49,  46,  49,  56,  98,  96,  88,  88,  88,  88,  88,  88,
 4096.0K,  50,  50,  50,  49,  58, 101, 102,  88,  89,  89,  89,  89,  89,
 8192.0K,  50,  50,  50,  50,  58, 102, 102,  88,  88,  89,  89,  89,  89,
16384.0K,  50,  50,  50,  50,  58, 103, 102,  89,  89,  89,  89,  89,  89,
*** CacheLine Backward Read Latency ***
Distance,   8,  16,  24,  32,  48,  64,  96, 128, 160, 192, 224, 256, 288,
    8.0K,   3,   3,   3,   3,   3,   3,   3,   3,   3,   3,   3,
   16.0K,   3,   3,   3,   3,   3,   3,   3,   3,   3,   3,   3,   3,
   32.0K,   3,   3,   3,   3,   3,   3,   3,   3,   3,   3,   3,   3,   3,
   64.0K,   3,   3,   3,   3,   3,   3,   3,   3,   3,   3,   3,   3,   3,
  128.0K,   7,   7,   7,   7,   7,  17,  17,  17,  17,  17,  17,  17,  17,
  256.0K,  49,  49,  49,  49,  57, 101, 101,  88,  87,  88,  87,  88,  88,
  512.0K,  49,  49,  49,  49,  57, 102, 102,  87,  88,  82,  88,  88,  88,
 1024.0K,  49,  49,  49,  46,  54,  98, 102,  88,  88,  88,  82,  82,  88,
 2048.0K,  49,  49,  49,  49,  57, 102, 102,  88,  88,  88,  83,  88,  82,
 4096.0K,  50,  48,  49,  48,  58,  99, 101,  89,  88,  87,  89,  89,  89,
 8192.0K,  49,  49,  49,  50,  58, 102, 102,  89,  88,  89,  89,  89,  89,
16384.0K,  50,  50,  50,  50,  58, 102, 102,  89,  89,  89,  89,  89,  89,
BenchMemLat exit code: 0x0100
L1D cacheline size: 64 bytes      [Mode:6 Size:   128K, Stride:   512, #NOP:  0, UnRoll:64]
L2  cacheline size: 64 bytes      [Mode:6 Size:   256K, Stride:   512, #NOP:  0, UnRoll:64]
Mem latency:  59.836ns(  96 clks) [Mode:1 Size: 16384K, Stride:  1024, #NOP:104, UnRoll:64]
L1D latency:   1.847ns(   3 clks) [Mode:1 Size:    64K, Stride:    64, #NOP:  0, UnRoll:64]
L2  latency:   7.464ns(  12 clks) [Mode:1 Size:   128K, Stride:    64, #NOP: 12, UnRoll:64]
Running time:    114 seconds.
