Copyright (C) 2003, 2009 Lavalys Consulting Group, Inc. All rights reserved.
everest_bench.dll build: 2.4.258.0 Jan 21 2009 03:07:30
CPUCount: 2, procMask: 0x00000003 Size of Memory: 1047932KB Priority:080
CPU#00 Vendor: AuthenticAMD CoreType:0x10020fb1
CPU#00 Family: f Model: 2b Stepping: 1 Type: "AMD Athlon(tm) 64 X2 Dual Core Processor 3800+"
CPU#00 Features: TSC, FPU, CMOV, MMX, MMX+, 3DNow!, 3DNow!+, SSE, SSE2, SSE3, CMPXCHG8B
CPU#00 Frequency: 2009.95MHz  OS:5.2.3790 Service Pack 2
CPU#00 AffMask:0x00000001 APIC_ID:0x00000000 Phys_ID:000 Core_ID:00 SMT_ID:00 PhysMask:0x00000003 
CPU#00 L1I cache:    64KB,   64 byte cache line,  2 way, SMask:00000001
CPU#00 L1D cache:    64KB,   64 byte cache line,  2 way, SMask:00000001
CPU#00 L2  cache:   512KB,   64 byte cache line, 16 way, SMask:00000001, exclusive
CPU#01 Vendor: AuthenticAMD CoreType:0x10020fb1
CPU#01 Family: f Model: 2b Stepping: 1 Type: "AMD Athlon(tm) 64 X2 Dual Core Processor 3800+"
CPU#01 Features: TSC, FPU, CMOV, MMX, MMX+, 3DNow!, 3DNow!+, SSE, SSE2, SSE3, CMPXCHG8B
CPU#01 Frequency: 2009.92MHz  OS:5.2.3790 Service Pack 2
CPU#01 AffMask:0x00000002 APIC_ID:0x00000001 Phys_ID:000 Core_ID:01 SMT_ID:00 PhysMask:0x00000003 
CPU#01 L1I cache:    64KB,   64 byte cache line,  2 way, SMask:00000002
CPU#01 L1D cache:    64KB,   64 byte cache line,  2 way, SMask:00000002
CPU#01 L2  cache:   512KB,   64 byte cache line, 16 way, SMask:00000002, exclusive
CPU#00 AffMask:0x00000001 APIC_ID:0x00000000 Phys_ID:000 Core_ID:00 SMT_ID:00 PhysMask:0x00000003 
CPU#01 AffMask:0x00000002 APIC_ID:0x00000001 Phys_ID:000 Core_ID:01 SMT_ID:00 PhysMask:0x00000003 
Parameters: "-ph -d4094 -l "
Memory Latency ProcMask:0x00000001 #NOP:0
*** Linear Read Latency ***
Stride,     4,   8,  16,  32,  64, 128, 256, 512,  1K,  2K,  4K,  8K, 16K,
   0.25K,   3,   3,   3,   3,   3,   3,
   0.50K,   3,   3,   3,   3,   3,   3,   3,
    1.0K,   3,   3,   3,   3,   3,   3,   3,   3,
    2.0K,   3,   3,   3,   3,   3,   3,   3,   3,   3,
    4.0K,   3,   3,   3,   3,   3,   3,   3,   3,   3,   3,
    8.0K,   3,   3,   3,   3,   3,   3,   3,   3,   3,   3,   3,
   16.0K,   3,   3,   3,   3,   3,   3,   3,   3,   3,   3,   3,   3,
   32.0K,   3,   3,   3,   3,   3,   3,   3,   3,   3,   3,   3,   3,   3,
   64.0K,   3,   3,   3,   3,   3,   3,   3,   3,   3,   3,   3,   3,   3,
  128.0K,   4,   4,   5,  16,  17,  12,  12,  12,  12,  12,  18,  23,  18,
  256.0K,   4,   4,   5,  16,  17,  12,  13,  13,  14,  17,  19,  18,  18,
  512.0K,   4,   4,   5,  16,  17,  12,  13,  13,  14,  17,  19,  19,  23,
 1024.0K,   4,   7,  13,  28,  51, 112, 113, 117, 123, 138, 150,  19,  19,
 2048.0K,   4,   7,  13,  28,  51, 112, 113, 117, 124, 136, 151, 151,  19,
 4096.0K,   4,   7,  13,  28,  52, 112, 114, 118, 126, 142, 164, 164, 164,
 8192.0K,   4,   7,  13,  28,  52, 112, 114, 119, 127, 143, 168, 169, 168,
16384.0K,   4,   7,  13,  28,  52, 112, 115, 119, 127, 144, 169, 170, 170,
*** Backward Read Latency ***
Stride,     4,   8,  16,  32,  64, 128, 256, 512,  1K,  2K,  4K,  8K, 16K,
   0.25K,   3,   3,   3,   3,   3,   3,
   0.50K,   3,   3,   3,   3,   3,   3,   3,
    1.0K,   3,   3,   3,   3,   3,   3,   3,   3,
    2.0K,   3,   3,   3,   3,   3,   3,   3,   3,   3,
    4.0K,   3,   3,   3,   3,   3,   3,   3,   3,   3,   3,
    8.0K,   3,   3,   3,   3,   3,   3,   3,   3,   3,   3,   3,
   16.0K,   3,   3,   3,   3,   3,   3,   3,   3,   3,   3,   3,   3,
   32.0K,   3,   3,   3,   3,   3,   3,   3,   3,   3,   3,   3,   3,   3,
   64.0K,   3,   3,   3,   3,   3,   3,   3,   3,   3,   3,   3,   3,   3,
  128.0K,   4,   6,   8,  16,  17,  12,  12,  12,  12,  12,  18,  18,  18,
  256.0K,   4,   6,   8,  16,  17,  12,  13,  13,  14,  17,  19,  18,  23,
  512.0K,   4,   6,   8,  16,  17,  12,  13,  13,  14,  17,  19,  19,  18,
 1024.0K,   5,   8,  14,  29,  51, 112, 113, 116, 123, 136, 150,  19,  19,
 2048.0K,   5,   8,  14,  29,  51, 112, 113, 117, 123, 137, 151, 152,  20,
 4096.0K,   5,   8,  14,  29,  52, 112, 114, 118, 126, 141, 164, 164, 165,
 8192.0K,   5,   8,  14,  29,  52, 112, 114, 119, 127, 144, 167, 167, 168,
16384.0K,   5,   8,  14,  29,  52, 112, 115, 119, 127, 144, 170, 169, 170,
*** BlockRandom Read Latency ***
Block,      8,  16,  32,  64, 128, 256, 512,  1K,  2K,  4K,  8K, 16K,
   0.50K,   3,
    1.0K,   3,   3,
    2.0K,   3,   3,   3,
    4.0K,   3,   3,   3,   3,
    8.0K,   3,   3,   3,   3,   3,
   16.0K,   3,   3,   3,   3,   3,   3,
   32.0K,   3,   3,   3,   3,   3,   3,   3,
   64.0K,   3,   3,   3,   3,   3,   3,   3,   3,
  128.0K,  19,  18,  18,  18,  16,  15,  13,  13,  13,
  256.0K,  19,  18,  18,  17,  16,  15,  14,  13,  13,  17,
  512.0K,  19,  18,  18,  17,  16,  15,  14,  13,  13,  17,  18,
 1024.0K,  73,  77,  80,  83,  95, 110, 127, 138, 142, 147, 149, 150,
 2048.0K,  73,  77,  80,  82,  94, 109, 126, 138, 142, 147, 149, 150,
 4096.0K,  73,  77,  80,  83,  96, 114, 126, 138, 143, 148, 150, 151,
 8192.0K,  73,  77,  80,  83,  96, 112, 127, 138, 143, 148, 150, 151,
16384.0K,  73,  77,  80,  83,  96, 112, 126, 138, 143, 148, 150, 151,
*** Random Read Latency ***
Stride,     4,   8,  16,  32,  64, 128, 256, 512,  1K,  2K,  4K,  8K, 16K,
   0.25K,   3,   3,   3,   3,   3,   3,
   0.50K,   3,   3,   3,   3,   3,   3,   3,
    1.0K,   3,   3,   3,   3,   3,   3,   3,   3,
    2.0K,   3,   3,   3,   3,   3,   3,   3,   3,   3,
    4.0K,   3,   3,   3,   3,   3,   3,   3,   3,   3,   3,
    8.0K,   3,   3,   3,   3,   3,   3,   3,   3,   3,   3,   3,
   16.0K,   3,   3,   3,   3,   3,   3,   3,   3,   3,   3,   3,   3,
   32.0K,   3,   3,   3,   3,   3,   3,   3,   3,   3,   3,   3,   3,   3,
   64.0K,   3,   3,   3,   3,   3,   3,   3,   3,   3,   3,   3,   3,   3,
  128.0K,   9,  10,  10,  12,  13,  12,  13,  13,  15,  17,  23,  23,  23,
  256.0K,  15,  15,  15,  15,  17,  17,  17,  18,  18,  20,  20,  23,  23,
  512.0K,  17,  17,  17,  18,  18,  19,  18,  19,  19,  20,  20,  20,  23,
 1024.0K,  77,  79,  86, 102, 150, 150, 150, 150, 150, 151, 152,  20,  20,
 2048.0K, 114, 116, 120, 129, 151, 151, 151, 151, 151, 152, 152, 154,  21,
 4096.0K, 144, 145, 147, 151, 161, 161, 161, 162, 163, 165, 168, 169, 169,
 8192.0K, 158, 158, 159, 162, 166, 166, 166, 167, 169, 170, 172, 172, 171,
16384.0K, 165, 165, 166, 166, 169, 169, 170, 172, 173, 173, 173, 173, 173,
*** CacheLine Forward Read Latency ***
Distance,   8,  16,  24,  32,  48,  64,  96, 128, 160, 192, 224, 256, 288,
    8.0K,   3,   3,   3,   3,   3,   3,   3,   3,   3,   3,   3,
   16.0K,   3,   3,   3,   3,   3,   3,   3,   3,   3,   3,   3,   3,
   32.0K,   3,   3,   3,   3,   3,   3,   3,   3,   3,   3,   3,   3,   3,
   64.0K,   3,   3,   3,   3,   3,   3,   3,   3,   3,   3,   3,   3,   3,
  128.0K,   7,   7,   7,   7,   7,  17,  17,  17,  17,  17,  17,  17,  17,
  256.0K,   8,   8,   8,   8,   8,  17,  17,  17,  17,  17,  17,  17,  17,
  512.0K,   8,   8,   8,   8,   8,  17,  17,  17,  17,  17,  17,  17,  17,
 1024.0K,  62,  62,  62,  62,  62, 117, 117, 117, 117, 117, 117, 117, 117,
 2048.0K,  62,  62,  62,  62,  62, 117, 117, 117, 117, 117, 117, 117, 117,
 4096.0K,  63,  63,  63,  63,  63, 119, 119, 118, 118, 118, 118, 118, 118,
 8192.0K,  63,  63,  63,  63,  63, 119, 119, 118, 118, 118, 118, 118, 118,
16384.0K,  63,  63,  63,  63,  63, 119, 119, 119, 118, 119, 119, 119, 119,
*** CacheLine Backward Read Latency ***
Distance,   8,  16,  24,  32,  48,  64,  96, 128, 160, 192, 224, 256, 288,
    8.0K,   3,   3,   3,   3,   3,   3,   3,   3,   3,   3,   3,
   16.0K,   3,   3,   3,   3,   3,   3,   3,   3,   3,   3,   3,   3,
   32.0K,   3,   3,   3,   3,   3,   3,   3,   3,   3,   3,   3,   3,   3,
   64.0K,   3,   3,   3,   3,   3,   3,   3,   3,   3,   3,   3,   3,   3,
  128.0K,   7,   7,   7,   7,   7,  17,  17,  17,  17,  17,  17,  17,  17,
  256.0K,   8,   8,   8,   8,   8,  17,  17,  17,  17,  17,  17,  17,  17,
  512.0K,   8,   8,   8,   8,   8,  17,  17,  17,  17,  17,  17,  17,  17,
 1024.0K,  62,  62,  62,  62,  62, 117, 117, 117, 117, 117, 117, 117, 117,
 2048.0K,  62,  62,  62,  62,  62, 117, 117, 117, 117, 117, 117, 117, 117,
 4096.0K,  63,  63,  63,  63,  63, 119, 118, 118, 118, 118, 118, 118, 118,
 8192.0K,  63,  63,  63,  63,  63, 119, 119, 118, 118, 118, 118, 118, 118,
16384.0K,  63,  63,  63,  63,  63, 119, 119, 119, 119, 119, 119, 119, 119,
BenchMemLat exit code: 0x0100
L1D cacheline size: 64 bytes      [Mode:6 Size:   128K, Stride:   512, #NOP:  0, UnRoll:64]
L2  cacheline size: 64 bytes      [Mode:6 Size:  1024K, Stride:   512, #NOP:  0, UnRoll:64]
Mem latency:  61.879ns( 124 clks) [Mode:1 Size: 16384K, Stride:  1024, #NOP:  4, UnRoll:64]
L1D latency:   1.477ns(   3 clks) [Mode:1 Size:    64K, Stride:    64, #NOP:  0, UnRoll:64]
L2  latency:   6.009ns(  12 clks) [Mode:1 Size:   512K, Stride:    64, #NOP: 21, UnRoll:64]
Running time:    125 seconds.
